85.2340936375 91.9444856526 53.724480274
82.9931972789 95.8819077247 22.4752348659
84.4337735094 90.8994800023 55.7018771977
81.9527811124 99.8050568764 0.105485232068
82.4729891957 100.0 0.0
82.8131252501 100.0 0.0
86.9347739096 99.9269873704 26.8520386482
83.1132452981 99.2213658141 10.4232497597
82.3329331733 98.0998575566 10.3960143076
81.712685074 99.8543796371 0.0
88.3753501401 97.3180484103 47.4070357723
85.2140856343 91.6057282318 57.7088557218
88.3953581433 96.542584437 50.6620350918
83.2132853141 92.3071164891 42.3893757908
86.6546618647 95.3670323139 46.5889336614
86.8347338936 93.3507208991 58.9673297837
84.6138455382 93.3981940025 46.5990554386
84.2737094838 92.9088110909 44.9557854993
84.9339735894 94.205246693 43.612981372
88.9755902361 93.7934792213 67.4765728332
83.3133253301 96.6095684166 21.3610656333
82.5330132053 96.5237180809 15.8678881018
82.4529811925 95.4185288773 24.4547636158
85.7743097239 99.9266304465 23.714369164
83.8735494198 99.4401722343 11.8397301411
84.1136454582 95.7458384133 31.8448264008
83.5734293717 95.9263137039 25.1184371469
89.5158063225 96.3535023581 56.4386833031
84.5738295318 92.4531205185 50.7491905001
87.4549819928 96.0400785778 46.1122583283
86.5946378551 99.8532648569 25.104170694
84.993997599 91.8992910065 54.3998919421
85.3141256503 96.9098306538 30.6847899458
83.993597439 88.653930908 63.7628744672
82.6730692277 98.0449657869 9.27152317881
81.2725090036 100.0 0.0
85.9543817527 99.9755978526 24.9451745652
83.2733093237 99.46102807 10.7756181859
84.1336534614 95.5989821561 32.6220418312
81.1524609844 98.0478816697 8.0967402734
82.3929571829 100.0 0.0
85.9543817527 99.9755978526 24.9451745652
82.8931572629 99.1879798408 10.6336669522
81.81272509 100.0 0.0
81.5326130452 100.0 0.0
85.9543817527 99.9755978526 24.9451745652
83.6734693878 99.198142236 11.1701119622
82.6130452181 93.6174679451 33.1495881207
81.1924769908 100.0 0.0
87.1148459384 99.1448960301 33.7311344218
86.3545418167 99.926451063 26.2660629683
86.2144857943 99.9508719949 23.0129747813
82.7330932373 97.4887332878 18.1339704027
82.5130052021 99.213309727 8.35101922847
81.1924769908 97.1128608924 10.9045848823
88.8355342137 97.493175813 46.346787102
85.8743497399 94.0845595937 48.8128520499
88.4353741497 97.1172502233 47.2539616599
84.7739095638 92.6287193359 49.2071875376
85.9943977591 94.3147530329 47.2346609437
86.2545018007 93.022347977 55.089868909
84.5338135254 93.3368522309 44.5053874627
84.8339335734 93.5332563665 43.5547288979
84.093637455 92.9830027052 45.2787551646
90.2160864346 95.721382181 65.1467768614
81.7326930772 99.0070693743 3.37995337995
81.9327731092 99.9273607663 0.0
81.9327731092 99.9020147311 0.218943462974
85.2140856343 99.9512670565 21.5759644101
83.6134453782 99.2720720784 11.6866601356
82.2929171669 94.9990173297 22.84823677
82.0728291317 100.0 0.0
89.2957182873 95.9936431201 58.8814583718
84.0536214486 90.2733763849 56.1426638547
86.8347338936 91.9851375615 64.3840157571
85.3141256503 91.7158209569 56.6468150839
83.4333733493 99.3158207048 11.0345895581
85.4341736695 96.3245797166 34.9375146561
85.5742296919 93.8250045471 46.2991134921
81.3325330132 99.9754721609 0.0
81.9727891156 99.9755441428 0.1100110011
86.2344937975 99.9275849638 23.7996943426
83.5734293717 99.4890255459 9.10371643415
84.1336534614 95.1514493514 32.9222809447
82.1528611445 100.0 0.0
81.9927971188 99.9757927863 0.115340253749
85.1740696279 99.8032606244 21.9894281883
83.4133653461 99.3914813159 9.96494873675
81.7326930772 97.6273727425 11.5646500593
82.0328131253 99.9510338634 0.0
85.2541016407 99.9269005848 21.8846063854
83.0732292917 99.1992276266 7.53029547605
82.0528211285 93.6510848463 30.9258018747
81.7727090836 100.0 0.0
87.3549419768 98.9010125478 34.9280219681
86.0344137655 99.9755620723 24.8139783816
86.5746298519 99.9755978526 22.2749011919
82.6530612245 97.0232756819 18.9350397815
83.3733493397 99.3919643639 10.1457647167
82.3529411765 100.0 0.0
88.3953581433 97.5692690623 48.0410519016
88.4353741497 97.3260294212 48.7182961089
87.9951980792 97.3944522067 47.4363741005
88.7354941977 97.4187705489 48.6724642759
89.9959983994 94.5503053378 69.4194981645
88.7755102041 96.8314134913 53.319853855
88.4553821529 97.5826210141 47.4069771709
87.9551820728 97.5803839109 46.8592321175
88.3953581433 96.0947989992 53.2440920704
85.4141656663 91.597016916 57.5980289552
86.6146458583 93.729785146 55.3000266848
87.1548619448 95.429694152 50.2300571922
85.7543017207 93.4291591847 50.6255022617
86.6746698679 93.1882534666 56.3929723698
85.1940776311 93.4068059667 48.8864675597
87.9151660664 96.4401287245 45.7305227636
87.9551820728 97.0563680571 45.5775499609
89.1956782713 97.7011462558 50.8574790295
89.1356542617 96.9714458016 53.5287108104
88.1552621048 97.0921399504 45.6518748709
87.87515006 97.1191203114 47.9499073833
84.7138855542 94.6294922298 41.3008419858
86.7146858743 96.3727078813 42.9040172681
84.4137655062 92.077713739 48.6204450054
85.7943177271 96.9176765533 33.2478252988
84.1136454582 91.7757113833 50.3847876848
88.0952380952 96.3896948537 50.1672574214
85.3141256503 94.4635089386 46.1884301357
85.2340936375 93.1127133725 48.9136002944
85.7743097239 93.9040561667 51.9966482177
87.6150460184 98.0708026684 37.3186619922
87.3549419768 94.7644514713 53.9907208879
86.0744297719 98.6918604651 28.7139871217
84.8339335734 94.7856251289 40.2769515099
84.2737094838 91.9370989198 51.2421230424
84.8539415766 94.7377168976 38.432289678
89.8159263705 96.5382842156 60.0569839558
88.8355342137 95.0313129323 62.0824016132
89.1156462585 96.6111300946 56.2644311785
91.356542617 95.4220755966 72.0770494955
89.7559023609 95.8675391827 62.0946175554
89.1756702681 95.7951351121 58.4427989229
89.1956782713 93.1359322396 72.118542109
80.4521808723 100.0 0.0
82.0728291317 99.8542795624 0.339409419869
86.3945578231 100.0 23.1740827479
83.1932773109 99.3658877375 10.7452769225
83.1132452981 92.576266122 41.2480405127
82.8931572629 99.9516380951 0.231901593063
81.4725890356 99.9508357915 0.0
86.5346138455 99.9756690998 24.4378739848
83.5134053621 99.4447058086 10.3032139387
84.6138455382 94.9785607536 35.9206608953
82.8131252501 99.9758278946 0.116144018583
86.2545018007 99.9513913624 23.6916378919
83.0932372949 99.3848081708 10.2093075261
84.3137254902 95.4915748905 32.8027604819
82.8131252501 99.9272727273 0.114547537228
88.1952781112 99.6120487947 34.1583331344
86.0944377751 98.0357961473 32.3443185795
85.5342136855 99.851299481 23.7560701872
84.493797519 94.2813321432 39.1029932907
83.693477391 99.5843465956 12.2055868917
82.8931572629 91.6120403168 42.2576882609
88.7955182073 95.9581614283 55.8419179499
88.9955982393 96.6535250792 54.1384115111
89.6158463385 93.7466292068 71.3599774816
89.0156062425 96.036896079 57.470459848
87.2148859544 97.4529951726 39.3860989446
88.6154461785 92.9367265966 69.8208598726
87.174869948 92.9145376217 60.9035768128
86.1944777911 93.6620528168 52.9275207758
82.9931972789 91.337900645 47.3911117327
84.493797519 95.7270054626 34.0167722857
84.093637455 88.6323680289 64.360403397
87.6350540216 91.8581875772 68.9660215414
87.3349339736 93.12223479 61.2368265437
86.1944777911 95.3802677547 44.8950773008
86.0944377751 90.2528640207 68.0529458599
87.4549819928 99.2679971694 32.7789650574
86.0944377751 95.9557216761 40.5481800722
87.074829932 95.5728984609 49.4248165216
84.9739895958 93.9368488169 43.0527188618
84.4337735094 89.4508850094 61.1815786209
83.2733093237 86.8497098702 67.162361908
82.4329731893 100.0 0.0
86.3345338135 99.9517607332 22.9936562647
83.3133253301 99.4140657368 10.9766452449
84.693877551 95.3871381211 32.5547096135
82.8331332533 99.9759326113 0.0
87.0548219288 99.9754901961 25.4052928361
83.4733893557 99.610787847 10.1965451174
84.2737094838 95.2898214097 31.7162701614
82.8331332533 99.9759326113 0.0
88.1552621048 99.4906191859 35.0735186139
86.0144057623 99.9013501894 24.0353743837
85.6942777111 100.0 23.1537021648
82.7531012405 97.200304729 17.1908856718
83.6734693878 99.5352909174 12.3134617568
83.8135254102 94.566771547 33.1079056209
85.8543417367 99.9758803666 22.4831231962
83.893557423 99.3252405388 10.3879290203
83.3333333333 93.8117544691 35.0027791289
82.8531412565 100.0 0.0
87.9551820728 99.4425972253 33.5950738681
86.0544217687 99.9038692622 23.927415151
85.5542216887 99.875899727 23.7560701872
83.3733493397 97.4209046242 17.9517024558
83.3533413365 99.1684792394 12.2003988819
82.3529411765 100.0 0.0
87.9551820728 99.4425972253 33.5950738681
86.5346138455 100.0 24.7105965185
85.5542216887 99.875899727 23.7560701872
83.6134453782 98.0845410802 17.3371123223
83.3533413365 99.1199237648 12.4279301675
82.0528211285 95.0653106566 21.2497318501
87.3549419768 99.511250902 32.4913540161
87.6350540216 99.3110431549 36.8944858762
85.8543417367 99.9753451677 25.1734775931
83.5934373749 99.2929904409 11.4820678405
88.275310124 97.0643079428 47.2769179071
82.8731492597 91.8765494036 45.406279955
88.7354941977 96.6794803123 52.6612209738
82.3129251701 89.495642329 51.6832142163
85.4541816727 93.692275932 48.1638401271
86.6346538615 98.4713397856 30.6039713836
83.0732292917 97.3999062209 18.0305913986
82.9931972789 94.8993587108 30.5651959044
82.4529811925 90.3757337015 48.1420275116
88.9555822329 95.4723026966 59.8484601401
82.8331332533 98.9214548717 5.67912036334
82.8331332533 98.9214548717 5.67912036334
82.8131252501 99.299806651 5.39923974799
86.8947579032 99.9279110814 26.5364265364
82.6930772309 95.3237090031 28.0384510126
83.2332933173 98.4643372233 13.6630613751
82.3129251701 96.3353241454 19.1205275216
88.7955182073 95.6548402696 57.722618958
82.3529411765 92.4609244602 36.1201687461
85.8143257303 92.5577639981 55.6993234633
85.7342937175 99.8301795245 23.1998459081
83.5534213685 99.2402685577 11.9848062979
84.6138455382 95.6898803408 31.9762019925
82.0328131253 97.5982532751 9.58904109589
82.7931172469 100.0 0.0
82.7931172469 100.0 0.0
86.8947579032 99.9032143425 26.681888409
83.4133653461 99.5864227877 10.4537882909
83.1732693077 98.6257822566 15.0514994431
82.1928771509 95.1209568636 23.8962271575
82.9331732693 99.8553629176 1.51844005612
86.8547418968 99.8777090891 26.5150590151
83.0932372949 99.1681981562 11.7147907505
81.8727490996 98.4981546459 6.21721171862
81.712685074 99.8312846469 0.117785630153
86.7947178872 99.7837045403 26.5703852497
83.1932773109 99.1978775088 10.9932708716
82.7130852341 98.183590592 14.5019647552
81.9527811124 99.4324260692 2.86240985333
88.2953181273 99.0774867241 38.373429892
85.7142857143 99.8007903091 26.2626136538
86.1944777911 99.950617284 24.2225722654
84.2336934774 99.347854428 11.8077012352
83.2132853141 99.5133550505 9.59374726668
81.5926370548 99.0636780994 3.60166553354
88.3753501401 95.2271547259 57.4277896361
88.1952781112 96.5800483184 50.226312836
88.9955982393 96.6476838815 53.2866094439
89.0356142457 96.7206766601 53.1747526207
89.4357743097 94.7803039315 67.2974798462
88.275310124 95.6417847718 56.4132731545
88.2953181273 96.5678483941 50.9970456923
88.6954781913 97.3426862551 49.8593353249
87.8151260504 96.7668901213 48.0647588243
84.3537414966 93.8843032494 39.7910450028
85.4941976791 93.4656530993 50.5115598502
87.274909964 98.2322130843 35.8475104399
84.293717487 92.5627923465 46.6923460433
85.0140056022 95.261851608 37.2856468896
83.2933173269 93.0502678689 40.7419812587
88.7154861945 96.9606572801 48.2975958415
87.1148459384 95.4085744043 49.5325964529
88.7955182073 96.6339094473 54.99238674
88.6154461785 95.4649567875 56.1690513578
87.8351340536 96.9461800868 46.5892716117
88.2352941176 96.7826489246 49.8887661185
84.8539415766 93.0126715501 47.817497375
86.1544617847 96.9627478373 40.1302380284
83.6734693878 97.0936374523 25.5962837
83.4133653461 94.6929718486 32.2858878561
82.6530612245 96.8174660642 18.7177946928
85.8543417367 93.9928445003 52.0206472509
84.0736294518 93.7970031917 42.0849549068
83.9335734294 92.8048143603 43.9953060204
84.793917567 92.5642832211 49.7693036969
87.0948379352 98.9731508499 34.3690090792
86.3545418167 95.2677102021 48.6244592128
86.0744297719 98.8386555947 28.2360444162
84.193677471 93.7672127207 41.2142695991
83.8135254102 96.7520065972 24.8924534225
83.3533413365 95.4352651917 29.2915013479
89.0356142457 95.6658893223 59.2770198902
89.0156062425 95.6411061748 59.2770198902
89.0156062425 95.6411061748 59.2770198902
91.1964785914 94.4386159686 75.9841688819
89.2156862745 96.0217340096 59.370180051
89.5358143257 96.1460798086 57.9214487706
88.7154861945 95.5567861793 58.5956692844
83.0332132853 95.3225254138 26.6923882497
82.5730292117 99.4197096802 2.57291718191
85.8543417367 96.4280856715 39.8134873224
83.2733093237 97.559389531 19.0175565176
83.2733093237 96.0426347496 25.4468304195
81.4325730292 96.5981572736 15.9668594028
82.7531012405 96.8710893349 14.6923137071
85.6742697079 96.4157993782 38.6880104741
83.7334933974 94.7297659792 34.9263863231
83.3733493397 98.7759165141 14.1094421483
81.4325730292 95.7061862247 19.7129161852
85.8543417367 96.4280856715 39.8134873224
83.7334933974 94.7297659792 34.9263863231
83.3733493397 98.7759165141 14.1094421483
81.8727490996 98.0108252922 10.6445124899
87.2949179672 99.2426393254 34.2709938869
86.3145258103 98.7704209979 32.8895624303
86.2144857943 99.9508719949 23.0129747813
84.4737895158 97.8440152191 24.1624020076
83.0732292917 99.3629224137 10.8187267164
82.3729491797 99.0260910217 6.21389415383
88.7354941977 96.5969723826 53.440231257
88.0952380952 96.5408439669 50.4410109324
89.9959983994 93.8513224363 72.2597009435
88.7755102041 96.6829098981 54.0447597299
87.9951980792 94.6612462925 55.9269567574
87.9151660664 95.9751921802 52.43143747
85.9343737495 91.8731690006 59.2509410448
86.2745098039 99.9022058391 24.5018906016
82.6930772309 99.4576118399 9.08473041967
85.1340536214 95.493688655 35.9667602493
82.2128851541 93.832494614 30.9517061267
87.6350540216 91.4471714292 70.0602502565
86.1744697879 91.9766041329 60.5499057616
85.7142857143 95.5462593422 39.836549395
85.1340536214 91.8230336321 55.707946581
88.0152060824 99.5856287818 33.2028227592
86.9147659064 94.797246189 51.1296113112
86.3945578231 99.9760019198 26.2944888494
82.9531812725 89.9833307704 51.3065318449
83.5534213685 99.440629606 9.75917410316
82.8131252501 95.2654631247 29.5102687241
81.7927170868 98.067987283 7.15071507151
85.9543817527 99.9755978526 24.9451745652
83.8335334134 99.3674816918 11.1774476462
83.2733093237 98.4823816 14.9018798428
80.9923969588 96.4876482901 13.820977918
85.7943177271 99.9266304465 23.8208654366
84.5338135254 99.2778029342 11.8361663409
83.2733093237 98.4823816 14.9018798428
81.2525010004 96.2916415494 14.8260632475
87.2949179672 99.24281147 34.2697278108
86.3945578231 99.3888166544 28.9150695908
86.2144857943 99.9508719949 23.0129747813
83.5734293717 98.7949057591 14.772632374
82.7531012405 99.437438062 8.74002490308
82.2729091637 98.8084521617 6.67847022816
85.9543817527 99.9755978526 24.9451745652
83.6534613846 99.0758614964 11.5344540926
82.7330932373 97.9684216286 14.1975884212
81.512605042 98.2484201592 9.28197975555
87.074829932 99.022606834 34.0545436704
86.1544617847 99.9018618956 26.2137500033
86.2144857943 99.9508719949 23.0129747813
82.7531012405 97.0588925726 18.1928408967
82.6530612245 98.4715938034 12.3157264156
81.3525410164 98.1641570517 4.30801808627
87.074829932 99.022606834 34.0545436704
86.1744697879 99.9259415919 26.2137500033
86.1744697879 99.9508174892 23.4004240946
82.7731092437 98.1743118646 15.3034402844
82.6130452181 98.5461094517 11.8013231234
81.8527410964 98.2207652251 6.99446328483
88.1152460984 98.9528605924 38.2962558491
87.4349739896 99.0930029774 34.1371796965
86.4345738295 99.8533219551 24.0817204361
82.9131652661 98.6258337105 12.0195773818
89.5958383353 95.5652000097 63.0153480195
88.0152060824 96.5211689774 48.604514548
88.4553821529 96.4737087874 49.7660747468
88.1352541016 96.8336282184 48.303853897
90.4361744698 94.769044276 69.789741828
88.1552621048 96.5706478155 49.9897614121
87.675070028 96.3984948885 49.1403959357
87.4949979992 97.0367968997 46.5156795095
88.4153661465 97.5010712509 48.7921651342
83.4933973589 93.6828312065 39.7455989035
85.5342136855 94.264574127 47.4081652117
85.2941176471 94.9176475592 43.6971666026
85.0140056022 92.7198261331 49.005869783
85.5142056823 94.6262979158 43.7605624692
83.5334133653 91.8113497154 47.0531002263
87.7951180472 96.4235344148 47.7817318359
87.6350540216 96.8567344351 43.5519178491
89.2757102841 96.4339823592 55.5672490455
88.5954381753 96.2581263067 53.2538154854
87.8351340536 97.1186074554 45.6841949709
87.7350940376 97.1269914921 46.3736124838
84.1736694678 92.7632964112 44.8435798913
86.3745498199 98.7864813953 28.8265236781
83.6334533814 96.970449833 23.683518643
83.2733093237 93.6163206793 34.9742654345
81.8527410964 95.6786132544 22.4935155588
87.1148459384 94.5100410626 52.56869356
84.1336534614 93.6977767568 39.4608321144
84.2537014806 95.3072165321 32.5487734008
84.3137254902 93.0132717623 46.4873606113
86.974789916 99.1916897248 32.6601779343
86.3145258103 96.803431868 38.5311111249
86.2344937975 98.0204718223 31.442575981
84.8339335734 95.0616584379 33.2705443015
83.1932773109 98.6061921551 13.3752034294
83.8335334134 94.5209269676 33.6789089564
88.9755902361 95.5213583748 59.7398825071
89.5958383353 95.0933643432 64.6853158525
89.5958383353 95.0933643432 64.6853158525
91.1364545818 95.6821794237 71.1682861745
88.8355342137 93.9679923359 65.0177261857
89.3157262905 96.1561403917 57.4965229767
89.5958383353 95.7285788707 60.8085045363
82.3929571829 99.9023914104 0.0
82.1728691477 99.6092796093 0.553709856035
85.1740696279 99.6563387532 22.6394640669
83.5534213685 99.3679362155 9.56190658306
81.6526610644 95.0739671618 18.6440805571
82.0328131253 99.6580516328 0.874267186847
81.7527010804 99.4917162739 1.49734511942
85.1740696279 99.6558353797 23.5535227392
83.6334533814 99.2720720784 11.8110733076
83.2533013205 92.8534088926 36.279089775
81.9927971188 99.6330946381 0.758926933098
85.1740696279 99.6558353797 23.5535227392
83.5334133653 99.3438165821 9.56190658306
81.81272509 91.4063795867 40.0689885865
81.4725890356 98.853780689 3.53631958718
87.6150460184 98.8760953013 36.481103865
85.4341736695 97.615946607 31.6251864842
86.4545818327 99.6396247305 23.2375967394
83.0532212885 99.4620697417 8.59146107171
83.0132052821 99.1717175681 10.5623987359
82.9931972789 98.6114918683 10.0998292049
88.7955182073 95.6548402696 57.722618958
88.5554221689 95.9791549204 56.1025059992
89.5758303321 93.7444834409 71.2793972856
88.1552621048 94.5125384867 59.1412545714
87.87515006 95.0797232476 54.2420695566
88.8955582233 96.094698318 55.0706703625
85.5742296919 92.4767446521 54.2124497092
85.8143257303 99.8770882919 23.3742616476
83.5334133653 99.2155588962 11.9848062979
84.7739095638 95.9753757933 32.5718247904
81.81272509 94.7139753802 20.8187134503
87.4549819928 91.5601701367 69.4388013902
84.8339335734 89.9092320716 61.3165310466
85.9743897559 94.3245247087 47.6979881781
85.6542617047 91.7016281008 57.2248811111
87.2549019608 99.4634127537 33.2987096123
86.3745498199 96.5946771727 38.0555362984
86.3145258103 99.9519346311 24.9633043181
84.1536614646 94.4667694634 39.061328535
83.2332933173 96.3913763305 21.6708422381
83.1932773109 95.3993786107 28.9648425927
81.7326930772 99.781145847 0.635608216192
86.6146458583 99.6863398981 23.364194491
83.6334533814 99.5141462675 10.6574542678
81.9527811124 93.5884915266 29.3923277116
81.9327731092 99.7803806735 0.222222222222
85.1940776311 99.7308842499 22.4438905017
83.6334533814 99.5141462675 10.6574542678
83.5134053621 96.2514182839 22.0942426416
81.9327731092 99.5628400796 0.339772762453
87.4949979992 99.3857228975 35.4342228606
86.1944777911 99.9755799756 25.9807436985
86.5746298519 99.9276016923 22.5155750788
83.0932372949 99.3396641427 9.37230783184
83.0332132853 98.6824255697 11.4877334965
82.012805122 95.770408361 17.6259149529
85.1340536214 99.6314153552 23.4490295313
83.3933573429 99.4174147587 8.4398974547
83.0532212885 99.9516557892 0.0
81.9927971188 99.8776655794 0.107874865156
87.3549419768 98.7354331978 35.2380851583
86.0944377751 99.8525593159 25.7476045832
86.4145658263 99.6849853338 22.2371578869
83.4333733493 99.224240347 8.82422699893
83.1732693077 99.2939308828 9.98622011663
81.81272509 98.8246828325 3.0217035217
87.6350540216 99.0465576039 35.6120042856
86.2144857943 99.9756157035 24.8838069324
86.5346138455 99.9026389685 22.386012303
82.7931172469 99.2368262031 10.9242492377
83.3333333333 99.3191778731 10.2840678437
82.3129251701 99.7567343903 1.24948225585
87.174869948 99.4360873087 33.6352657005
88.0152060824 99.1776837624 34.2940481223
85.7342937175 99.6073878581 26.1538697499
83.3133253301 99.4652674754 8.26957568938
88.8355342137 96.4427068079 54.8837631902
88.175270108 96.5081478605 51.4637333128
88.6754701881 96.3751914443 55.3869459692
90.9163665466 95.81963419 67.928673593
89.1356542617 97.6158591717 50.1857884684
89.2156862745 97.2356320139 53.0837262477
89.8159263705 95.1323857884 66.3324418232
87.3949579832 95.7529587458 49.6265546605
87.675070028 96.7671745963 47.1504738752
90.2160864346 94.5045106083 70.8076749894
88.1352541016 95.7160482546 54.1798532229
87.8951580632 96.311886908 49.0814628346
88.275310124 96.8268427432 50.840180686
88.2553021208 97.2196950757 49.2545857422
88.9755902361 96.2686657653 55.1249163982
88.1552621048 96.0722121388 53.3968273487
87.9551820728 96.3842458081 49.0814628346
88.1952781112 96.5173583886 51.2917881116
89.6558623449 94.3256434996 69.7127839209
88.5554221689 96.0468185188 53.1655646484
88.8755502201 97.1902167427 49.6822468622
88.275310124 96.9458013182 50.7791383837
90.2360944378 94.0518429221 71.9054219054
90.7963185274 95.2898097958 70.9063704135
89.6158463385 95.7278232266 62.3888737882
89.5958383353 97.067396286 53.0740167266
88.2152861144 96.5312447206 52.0871772604
88.175270108 96.8912354963 47.6026189301
88.1952781112 97.2476194241 46.4066295776
87.6550620248 96.1421349947 49.1008094187
88.9355742297 95.1396127573 60.9268796861
88.4953981593 95.6883413281 56.1995863839
87.6950780312 96.0633273401 50.0041540446
87.9551820728 97.0739153742 47.3674996409
86.2344937975 95.1583297553 44.843491167
86.6146458583 99.9278499278 24.9691473857
84.2336934774 92.6839163775 45.7728058134
85.3541416567 94.3278319167 44.3092022254
83.9135654262 93.0318850309 43.3965952471
86.4145658263 96.6629431766 40.340658967
86.1744697879 92.9266984423 55.9491558109
85.8343337335 94.1709650033 47.4556595114
85.8743497399 94.7909807844 46.7972253461
87.5150060024 99.2684765971 33.1342356659
86.5346138455 97.5706595539 35.8934414568
86.9547819128 97.4355552464 39.6191094981
85.8143257303 95.6088898535 40.2736371779
84.5738295318 93.9671436938 43.037884377
83.7735094038 93.3249635771 43.2265936551
88.075230092 96.7687286329 49.5042961005
89.8359343737 94.8249242053 66.5827773597
88.7154861945 95.8852566003 56.516119525
87.8351340536 96.4365734178 48.3153390208
88.1952781112 96.8965389794 50.5600294984
90.2160864346 97.872108631 53.5878129309
87.8151260504 96.3412391471 47.7667049282
89.0956382553 97.0692846265 51.1766076755
88.1952781112 96.8965389794 50.5600294984
88.9555822329 94.8202710564 60.5889059604
89.0756302521 94.5036311026 64.7968827223
89.2156862745 97.8555791477 49.9567098756
88.075230092 96.2322956102 50.2771982116
87.6350540216 96.209471004 50.5137175607
87.9351740696 97.0089689994 45.6786406915
85.9943977591 93.088678874 54.8022750231
84.8539415766 91.8961179851 53.3100681173
84.8139255702 95.7350852194 35.0210804257
84.4337735094 92.4434536778 48.9002789554
87.5950380152 97.6882671891 39.3894286751
86.8147258904 95.7927352348 47.6665043132
86.0744297719 98.6918604651 28.7139871217
85.1340536214 95.199922317 36.9008853385
83.7735094038 96.7720495206 27.4387912281
83.9535814326 94.8856809904 32.5488249485
88.1352541016 99.2001856704 35.6073887235
87.6350540216 93.7780782463 59.6706308524
85.7543017207 96.3780499084 38.1368375339
84.1736694678 94.9676210437 31.5274231278
84.2336934774 91.8035181203 51.2974711732
84.3737494998 95.3261721483 33.8491526911
87.6350540216 98.6767359938 36.7879506
87.9151660664 99.0746375858 36.6414206184
85.2941176471 95.0262288784 43.853548632
85.2140856343 94.7953562507 37.3434846824
89.4357743097 94.2339710438 68.1882093396
88.8955582233 95.2611341773 60.3726949185
91.356542617 95.4220755966 72.0770494955
89.1356542617 95.8897454938 58.7847448455
89.1756702681 96.3815817122 56.702390969
88.4953981593 94.6880669468 61.6302193914
88.8555422169 95.5830439597 58.1221344239
91.2164865946 95.3318592924 72.3975389623
89.1356542617 95.8897454938 58.7847448455
89.3157262905 96.1561403917 57.4965229767
88.8555422169 95.6026028927 59.2169580213
90.8963585434 94.5956401549 73.8611033234
89.1356542617 95.8897454938 58.7847448455
89.1756702681 96.3815817122 56.702390969
88.4953981593 94.6880669468 61.6302193914
90.2160864346 93.9137366756 73.0553728971
90.9163665466 94.5398130341 74.4035087719
91.0964385754 94.7884830253 74.7636115378
89.2957182873 96.0802907682 59.1276677048
89.1956782713 94.7477299382 63.4356527293
88.6754701881 96.3210700994 56.0629421024
81.4325730292 99.6075545744 0.542888165038
86.9347739096 100.0 25.0555964955
82.7931172469 99.4321856108 10.489564909
82.8131252501 93.5208204391 35.1264598358
82.8331332533 99.8551073943 0.816268313059
85.9143657463 99.9753815854 23.0348355348
82.8931572629 99.3860799326 10.5911041497
81.512605042 97.3548500693 9.39890710383
82.8931572629 99.9273780528 0.583302062864
88.0352140856 99.5392155828 33.5895049206
85.9543817527 100.0 23.5122197027
85.5742296919 99.875899727 23.8650026491
84.6138455382 99.7346310309 10.9247025843
83.3733493397 99.3147181671 11.6662125659
82.5730292117 94.376921199 26.8088063527
86.4945978391 99.8790456331 23.6455026455
83.4733893557 99.3665390133 10.9216542695
82.9731892757 99.7853442164 1.1358153485
82.8931572629 99.9757575758 0.346054138783
88.1552621048 99.5634933201 34.1583331344
86.2144857943 99.975526187 24.3132209325
85.5542216887 99.875899727 23.7560701872
83.6134453782 95.7554351024 28.9685209596
83.5934373749 99.4615989498 12.1996961141
82.6130452181 97.690761355 11.819992035
88.175270108 99.5634933201 34.2720987772
85.8743497399 97.229977716 35.2896053612
85.5742296919 99.875899727 23.8650026491
84.5538215286 99.3004687839 11.5473064902
83.5134053621 99.486162939 11.6662125659
82.6130452181 97.690761355 11.819992035
87.8951580632 99.439063841 34.5882744957
87.7551020408 99.4575863756 37.2200784355
85.8143257303 99.9263255598 25.1734775931
84.3737494998 99.5668107064 10.8502983503
88.1152460984 96.1950997029 52.7818240014
90.1360544218 94.0680312919 72.6368699009
88.4553821529 95.2633067307 58.002898455
87.9951980792 94.6612462925 55.9269567574
87.775110044 96.0394470216 51.8571744515
90.0760304122 94.1578310029 70.8477733019
88.7955182073 96.8435858679 52.6285269884
87.7350940376 94.3957471658 57.6140798779
87.775110044 96.0394470216 51.8571744515
87.6550620248 99.5364613944 32.6625203207
89.7358943577 93.9425325914 70.3462489106
89.8959583834 93.9797324954 71.3910223588
87.5350140056 93.0759634034 62.6970407118
88.5354141657 95.6222634584 55.6195909397
87.5350140056 95.7788661706 52.3801938139
87.8951580632 91.6451249937 70.7138160058
86.1744697879 91.9279711127 60.3076548148
85.9743897559 94.3245247087 47.6979881781
84.8739495798 91.7066208196 55.1994869073
87.4149659864 99.2454713805 32.6652601969
86.4745898359 94.5684830253 51.0449933882
86.3345338135 99.9519346311 25.069124424
83.793517407 93.9797432587 38.3463696219
83.7334933974 99.5622480308 10.1649311362
83.4133653461 94.9884366879 32.6562709378
87.4149659864 99.2454713805 32.6652601969
87.4549819928 91.4061694823 68.8716890563
87.87515006 92.0491305629 69.0220174091
85.0340136054 92.2343209894 53.3055699276
85.5942376951 91.0020956685 60.4596654266
85.6542617047 92.9972422891 53.4195177341
87.7951180472 99.2440932974 36.150310656
87.7951180472 99.1902710855 36.593275303
86.4945978391 96.7806438335 40.4276783177
84.2737094838 95.1453347133 36.034721047
85.2941176471 99.7046654149 25.0724167793
83.6734693878 99.3192308072 11.643970705
82.5130052021 99.6920161099 1.0296010296
82.7531012405 99.8792794997 0.233918128655
87.975190076 99.4907832561 33.4785237516
86.3145258103 99.6637848223 25.6958940331
85.5542216887 99.875899727 23.7560701872
83.6734693878 99.5668572074 8.13008197371
83.5534213685 99.4125432716 12.1996961141
82.2529011605 94.7165024414 25.3899951942
87.975190076 99.4907832561 33.4785237516
86.3945578231 99.9757575758 23.4505278474
85.6942777111 100.0 23.1537021648
83.3733493397 98.1315486825 15.4388765331
83.5534213685 99.4125432716 12.1996961141
82.2529011605 94.7165024414 25.3899951942
87.3349339736 99.4369783136 32.7735554578
87.7951180472 99.3844814296 37.4276962661
85.8343337335 99.9257602154 25.428499734
84.2737094838 99.5416613249 10.4029204552
87.9551820728 99.3940417507 33.8114672586
85.7342937175 99.975399754 23.9256052986
85.5942376951 99.8757146408 23.8737923755
82.8931572629 99.4865578058 7.53909561642
83.2933173269 99.265053835 11.4240886537
82.6330532213 99.9758278946 0.0
87.7551020408 99.4888925524 33.3949498095
87.675070028 99.4336823504 36.5687529772
86.6146458583 99.9267399267 26.5004808533
84.1336534614 99.2317963671 8.6683127734
87.7551020408 99.4888925524 33.3949498095
87.3549419768 99.2600555114 35.9348991302
85.8743497399 99.97536339 25.428499734
84.193677471 99.3502387018 10.4319208371
87.1948779512 99.3818834443 35.5864666479
