1498 6403 0.233952834609
1111 5740 0.193554006969
886 8000 0.11075
307 5126 0.0598907530238
350 6262 0.0558926860428
430 6281 0.0684604362363
206 5140 0.0400778210117
518 4711 0.109955423477
894 7860 0.113740458015
466 6122 0.0761189153871
1616 7163 0.225603797292
1475 7115 0.207308503162
1735 7995 0.217010631645
1526 7316 0.208583925642
1614 7091 0.227612466507
1522 6275 0.242549800797
1722 7552 0.228019067797
1504 6802 0.221111437812
1615 7149 0.22590572108
1096 8300 0.132048192771
1157 6187 0.187005010506
524 5850 0.0895726495726
1129 6771 0.166740511003
393 5391 0.0728992765721
588 3874 0.151781104801
1298 7735 0.167808661926
1143 5987 0.190913646234
951 8640 0.110069444444
961 7785 0.123442517662
1094 9000 0.121555555556
254 4448 0.0571043165468
1091 6376 0.171110414053
1135 8179 0.138770020785
992 9000 0.110222222222
584 7256 0.0804851157663
394 5849 0.0673619422123
219 5391 0.0406232609905
538 4942 0.10886280858
1176 7297 0.16116212142
442 6607 0.0668987437566
417 7867 0.0530062285496
160 4412 0.0362647325476
501 4719 0.106166560712
509 7536 0.067542462845
399 7012 0.0569024529378
196 4412 0.0444242973708
482 4719 0.102140283958
1127 8536 0.132029053421
404 6127 0.0659376530113
424 4139 0.102440202948
259 5247 0.0493615399276
190 5358 0.0354609929078
578 4791 0.120642872052
483 4708 0.1025913339
931 6185 0.150525464834
1636 6597 0.247991511293
1622 7987 0.203080005008
1850 8001 0.231221097363
1986 7221 0.275031159119
1715 7259 0.236258437801
1582 6340 0.24952681388
1893 7336 0.258042529989
1548 6372 0.242937853107
1617 6822 0.237027264732
1295 8653 0.149659077776
1367 7641 0.17890328491
797 6186 0.128839314581
689 5220 0.131992337165
438 5013 0.0873728306403
679 4686 0.144899701238
1296 7455 0.17384305835
738 5435 0.135786568537
1255 8431 0.148855414542
1103 8277 0.133260843301
1296 8951 0.144788291811
327 4142 0.0789473684211
592 5656 0.104667609618
1191 8179 0.145616823573
1214 7901 0.153651436527
578 6533 0.0884739017297
500 6257 0.0799105002397
269 5052 0.0532462391132
521 4676 0.111420017109
1188 7816 0.151995905834
530 6256 0.0847186700767
442 6508 0.0679164105716
219 4013 0.0545726389235
492 4141 0.118811881188
728 7230 0.100691562932
372 5056 0.0735759493671
208 4013 0.0518315474707
517 4567 0.113203415809
1171 7673 0.152613058778
499 6245 0.0799039231385
424 4095 0.103540903541
257 4400 0.0584090909091
257 5298 0.0485088712722
559 4759 0.117461651607
453 4685 0.0966915688367
604 7060 0.085552407932
1478 7339 0.201389835127
1582 7242 0.218447942557
1731 7088 0.244215575621
1719 7480 0.229812834225
1092 6343 0.172158284723
1693 5941 0.284968860461
1653 6921 0.238838318162
1587 5714 0.277738886944
1570 8111 0.193564295401
1551 7624 0.203436516264
1577 7484 0.210716194548
977 5651 0.172889754026
1683 6263 0.268721060195
1608 7559 0.212726551131
1548 7196 0.215119510839
1835 7910 0.23198482933
1833 7808 0.234759221311
1018 6006 0.169497169497
2045 7148 0.286094012311
1707 7189 0.237446098206
1798 7474 0.240567299973
1673 7188 0.232749026155
1053 6162 0.170886075949
1209 5069 0.238508581574
1468 6924 0.212016175621
1543 6472 0.238411619283
1185 6163 0.192276488723
1955 7110 0.274964838256
1688 7114 0.237278605566
1740 7168 0.242745535714
1094 6049 0.180856339891
1610 7097 0.226856418205
406 5391 0.0753107030236
1494 6716 0.222453841572
1847 7090 0.260507757405
1337 7238 0.184719535783
1330 8503 0.156415382806
1482 8198 0.180775798975
1160 7272 0.159515951595
859 6014 0.14283338876
1057 5341 0.197903014417
1220 8284 0.147271849348
1227 7303 0.168013145283
786 7237 0.10860853945
607 7051 0.0860870798468
378 5391 0.0701168614357
679 5087 0.133477491645
1223 7312 0.167259299781
754 5194 0.145167500963
626 7034 0.0889963036679
421 5384 0.0781946508172
634 4713 0.134521536177
1475 7366 0.200244366006
671 5274 0.127227910504
409 5400 0.0757407407407
672 4652 0.14445399828
1494 7756 0.192625064466
919 6009 0.152937260776
456 4081 0.111737319284
534 5392 0.0990356083086
430 5080 0.0846456692913
1310 5733 0.228501657073
741 4683 0.158231902627
1370 7781 0.176069913893
1034 6521 0.158564637326
1071 7256 0.147601984564
988 5489 0.179996356349
939 5336 0.175974512744
1112 7819 0.142217674894
975 7256 0.134371554576
1139 9000 0.126555555556
1042 5636 0.184882895671
952 5403 0.176198408292
1097 8077 0.135817754117
1043 7277 0.143328294627
1012 5506 0.183799491464
1115 6168 0.180771725032
1114 8077 0.137922495976
1026 7277 0.140992167102
396 3894 0.101694915254
306 5170 0.0591876208897
995 5447 0.18266935928
1065 6096 0.174704724409
1098 5411 0.202919977823
1003 7543 0.132970966459
624 7256 0.0859977949283
278 5089 0.0546276282177
515 4664 0.110420240137
1247 8392 0.148593898951
670 7255 0.092350103377
270 5391 0.0500834724541
747 5844 0.127823408624
1163 7659 0.151847499674
717 7255 0.0988283942109
454 4188 0.108404966571
290 5391 0.0537933593025
259 5080 0.0509842519685
1155 6157 0.187591359428
603 4910 0.122810590631
1305 7846 0.166326790721
213 4400 0.0484090909091
482 4757 0.101324364095
1132 7583 0.14928128709
491 7170 0.068479776848
433 4076 0.106231599607
310 5405 0.0573543015726
241 5080 0.0474409448819
570 4669 0.122081816235
578 4037 0.143175625464
569 7061 0.0805834867582
410 4076 0.100588812561
286 5400 0.052962962963
209 5080 0.0411417322835
1238 5945 0.208242220353
574 4043 0.141973781845
565 6894 0.0819553234697
407 4141 0.0982854382999
421 4156 0.101299326275
332 4405 0.0753688989784
647 4716 0.137192536047
1714 6974 0.245770002868
1532 7142 0.214505740689
1891 7908 0.239124936773
1719 6361 0.270240528219
1658 6654 0.249173429516
937 5030 0.186282306163
1204 4603 0.261568542255
1335 6288 0.212309160305
1691 6262 0.270041520281
1045 8039 0.129991292449
1170 5080 0.23031496063
1198 5080 0.235826771654
1094 5162 0.211933359163
493 4472 0.110241502683
1284 4701 0.273133375877
1195 5390 0.221706864564
1228 6391 0.192145204193
1217 8963 0.135780430659
1165 7893 0.147599138477
1018 8000 0.12725
302 4051 0.0745494939521
526 4764 0.110411418976
1191 7703 0.154615085032
691 7035 0.098223169865
500 6325 0.0790513833992
626 7193 0.0870290560267
266 5097 0.0521875613106
711 5640 0.126063829787
1187 8197 0.144809076491
1310 8136 0.161012782694
588 6709 0.0876434640036
337 5293 0.0636689967882
533 4754 0.112116112747
957 6380 0.15
388 6309 0.061499445237
274 4240 0.0646226415094
625 4742 0.131800927879
958 6907 0.138699869697
693 7798 0.088868940754
460 3823 0.120324352603
418 5290 0.0790170132325
285 4155 0.0685920577617
695 4747 0.146408257847
685 4766 0.1437263953
725 6270 0.115629984051
1490 7033 0.211858381914
1700 6751 0.251814545993
1585 5767 0.274839604647
1659 5774 0.287322480083
1475 6403 0.23036076839
1902 7252 0.262272476558
1520 5642 0.269408011343
1777 7061 0.251664070245
1791 8234 0.217512752004
1543 7059 0.218586202012
1633 7700 0.212077922078
956 5220 0.183141762452
1142 5488 0.208090379009
1563 7180 0.217688022284
1527 6744 0.226423487544
1710 7498 0.228060816218
1992 8298 0.240057845264
1063 5650 0.18814159292
1982 6775 0.292546125461
1680 7344 0.228758169935
1905 7589 0.251021214916
1610 6550 0.245801526718
966 5249 0.184035054296
1203 4727 0.254495451661
1395 6282 0.222063037249
989 5768 0.171463245492
1135 5495 0.206551410373
1785 5688 0.313818565401
1707 6592 0.258950242718
1682 6569 0.256051149338
501 4140 0.121014492754
1250 5754 0.217240180744
846 5264 0.160714285714
1873 6359 0.294543167165
1223 4709 0.259715438522
1465 6840 0.21418128655
1021 8000 0.127625
1042 8004 0.130184907546
1034 8000 0.12925
945 6423 0.147127510509
1045 6093 0.1715082882
1168 7930 0.147288776797
1378 8941 0.154121462924
1054 6757 0.15598638449
896 4824 0.185737976783
1049 5795 0.181018119068
1256 5324 0.235912847483
1328 6897 0.192547484414
1250 6530 0.191424196018
1143 6757 0.169157910315
1079 5313 0.203086768304
1276 5315 0.240075258702
1302 7499 0.173623149753
1290 7216 0.17876940133
1050 5795 0.181190681622
1303 5315 0.245155221072
1315 7589 0.173277111609
1160 5158 0.224893369523
526 4016 0.130976095618
982 5947 0.165125273247
347 4074 0.0851742758959
1264 5377 0.235075320811
543 3295 0.164795144158
1374 6857 0.200379174566
1070 7264 0.147301762115
1077 8264 0.130324298161
959 6423 0.149307177331
1083 6888 0.157229965157
1240 8192 0.1513671875
1092 8717 0.12527245612
1085 7858 0.138075846271
314 4423 0.0709925390007
515 5660 0.0909893992933
1136 7541 0.150643150776
1326 8937 0.148371936892
981 5423 0.180896182925
998 5411 0.184439105526
1222 7887 0.154938506403
1077 7281 0.147919241862
365 3757 0.0971519829651
1016 5447 0.186524692491
359 4056 0.0885108481262
1144 5471 0.209102540669
652 4740 0.137552742616
1274 7151 0.178156901133
646 7469 0.0864908287589
225 4855 0.0463439752832
668 4886 0.136717151044
1150 7374 0.155953349607
650 7469 0.0870263756862
311 5052 0.0615597783056
745 5703 0.130633000175
1238 7374 0.167887171142
1377 8148 0.168998527246
436 4090 0.106601466993
909 5733 0.158555729984
223 4203 0.0530573399952
686 5585 0.122829006267
622 4916 0.126525630594
1306 8473 0.154136669421
293 5188 0.0564764841943
565 4717 0.119779520882
953 6136 0.155312907432
882 6611 0.133414006958
415 4139 0.100265764677
386 5115 0.0754643206256
257 4379 0.0586891984471
875 4876 0.179450369155
638 4076 0.156526005888
706 6819 0.103534242558
457 4007 0.114050411779
355 5117 0.0693765878444
210 4505 0.046614872364
720 4771 0.150911758541
483 4530 0.106622516556
1043 7028 0.148406374502
495 3840 0.12890625
438 4114 0.106465726787
502 5391 0.0931181598961
719 4737 0.151783829428
1384 7322 0.189019393608
1713 5773 0.296726138923
1835 6112 0.300229057592
1942 7078 0.274371291325
1282 5377 0.238422912405
1890 5836 0.323851953393
1676 6978 0.240183433649
1846 6734 0.274131274131
1966 8461 0.232360241106
1688 7911 0.21337378334
1823 7834 0.232703599694
1029 5718 0.179958027282
1695 5707 0.297003679692
1546 7211 0.214394674802
1704 7342 0.232089348951
1968 7487 0.262855616402
2033 7894 0.257537370155
1114 5765 0.193235039029
2212 7649 0.289188129167
2129 8079 0.263522713207
2046 7654 0.267311209825
1727 6591 0.262023972083
544 5225 0.104114832536
1258 4963 0.25347572033
1869 7008 0.266695205479
1330 5935 0.224094355518
1212 5479 0.221208249681
1857 5921 0.313629454484
1994 7843 0.25423944919
1755 6388 0.274733876018
396 4050 0.0977777777778
853 5302 0.160882685779
1004 5422 0.185171523423
1725 6272 0.275031887755
680 3830 0.177545691906
2009 7420 0.270754716981
1157 7322 0.158016935264
1404 7347 0.191098407513
1404 7347 0.191098407513
976 6400 0.1525
1470 6307 0.23307436182
1166 7755 0.150354609929
1247 5864 0.212653478854
490 5077 0.0965136891865
589 5450 0.108073394495
283 4444 0.0636813681368
508 2821 0.18007798653
1252 6879 0.182003198139
669 6289 0.106376212434
672 5391 0.124652198108
333 4444 0.0749324932493
708 3515 0.201422475107
1212 6387 0.189760450916
631 4728 0.133460236887
305 4444 0.0686318631863
515 2737 0.18816222141
1643 7614 0.215786708695
651 5081 0.128124384964
578 4178 0.138343705122
560 5150 0.108737864078
589 4399 0.133894066833
814 4678 0.174005985464
667 3944 0.169117647059
1496 7182 0.208298524088
1465 8963 0.163449737811
1476 8963 0.164677005467
1030 6400 0.1609375
1070 5847 0.182999828972
1263 8661 0.145826117077
1392 7426 0.187449501751
1379 7592 0.181638566913
380 4502 0.0844069302532
726 4756 0.152649285114
1323 8327 0.15888074937
467 6646 0.0702678302738
1084 5502 0.197019265722
1211 6196 0.195448676566
1243 7739 0.160615066546
1334 7271 0.183468573786
429 4158 0.103174603175
337 4648 0.072504302926
326 4447 0.0733078479874
1171 5470 0.21407678245
764 4756 0.160639192599
1160 6773 0.171268271076
747 6835 0.109290416971
246 4457 0.0551940767332
692 4879 0.141832342693
1214 7331 0.165598144864
607 5971 0.101658013733
365 5426 0.0672687062293
713 4879 0.146136503382
1582 7879 0.200786901891
730 6487 0.112532757823
490 4173 0.117421519291
376 4766 0.0788921527486
317 5414 0.0585519024751
910 6227 0.146137787056
691 5010 0.137924151697
790 6063 0.13029853208
220 3607 0.060992514555
571 3787 0.150778980724
551 6450 0.0854263565891
576 6637 0.0867861985837
467 3208 0.145573566085
238 4123 0.0577249575552
251 4575 0.0548633879781
686 4675 0.146737967914
584 4646 0.125699526474
1084 7005 0.154746609565
450 3931 0.114474688374
459 5192 0.088405238829
283 5045 0.0560951437066
726 4718 0.153878762187
624 3900 0.16
889 6924 0.128393991912
517 4139 0.124909398405
502 4125 0.121696969697
541 4470 0.121029082774
801 4756 0.168418839361
1317 6918 0.190372940156
1553 6752 0.230005924171
1474 8038 0.183378949988
1017 5556 0.183045356371
1709 6197 0.27577860255
1535 6930 0.221500721501
1575 7453 0.21132429894
1876 7112 0.263779527559
1675 6895 0.242929659173
1147 5108 0.22454972592
1957 6454 0.303222807561
1669 6733 0.247883558592
1768 5994 0.294961628295
1853 5603 0.330715688024
1004 5487 0.182977947877
1958 6219 0.314841614407
1703 6733 0.25293331353
1705 5985 0.284878863826
1410 5933 0.237653800775
1951 5979 0.326308747282
1742 6679 0.260817487648
1796 5490 0.327140255009
1234 5374 0.229624116115
1280 6498 0.196983687288
1291 5306 0.243309460988
1826 5918 0.308550185874
1909 5841 0.326827598014
1786 6987 0.255617575497
1896 8167 0.232153789641
1981 8146 0.243186840167
1731 6550 0.26427480916
2006 6999 0.286612373196
1891 8684 0.217756794104
1959 8167 0.2398677605
1762 7376 0.238882863341
473 4860 0.0973251028807
1291 5488 0.235240524781
1654 7366 0.224545207711
1710 7254 0.235732009926
1120 5513 0.203156176311
1870 6559 0.285104436652
1788 8032 0.222609561753
1844 7653 0.240951260943
468 3757 0.124567474048
1057 6403 0.16507886928
987 5635 0.175155279503
1781 7195 0.247533009034
1855 6645 0.279157261099
1552 6497 0.238879482838
1956 7565 0.258559153999
1725 6777 0.254537405932
2064 6769 0.304919485892
1945 7714 0.25213896811
2012 7616 0.264180672269
1166 6006 0.194139194139
2023 6681 0.302798982188
2042 7540 0.270822281167
2047 7616 0.268776260504
1217 4790 0.254070981211
1755 6777 0.258964143426
1122 5615 0.19982190561
2045 6588 0.310412871888
2077 6519 0.318607148336
2004 7688 0.260665972945
1120 6162 0.181759169101
1910 5801 0.329253576969
1888 7557 0.249834590446
1747 6461 0.270391580251
1052 5378 0.195611751581
1289 5890 0.218845500849
358 4541 0.0788372605153
1747 5973 0.292482839444
1341 4890 0.274233128834
1734 6960 0.249137931034
508 3736 0.135974304069
1594 5877 0.271226816403
1162 5342 0.217521527518
1531 5205 0.29414024976
1919 5691 0.337199086277
1755 6927 0.253356431356
474 4119 0.115076474873
530 4057 0.130638402761
940 5657 0.166165812268
1749 5405 0.323589269195
1692 9186 0.184193337688
1395 7437 0.187575635337
938 6014 0.155969404722
1001 5138 0.194822888283
1152 7930 0.14527112232
1488 6808 0.218566392479
1720 8378 0.205299594175
1023 6032 0.169595490716
994 5138 0.193460490463
1171 7755 0.150999355255
1359 6563 0.207069937529
925 5132 0.1802416212
1018 5138 0.198131568704
1210 7930 0.152585119798
1630 6808 0.239424206816
940 5060 0.185770750988
1003 5826 0.172159285959
978 6361 0.15374941047
1097 5386 0.203676197549
1449 5343 0.271195957327
1154 5832 0.197873799726
545 5911 0.0922009812215
417 4633 0.090006475286
751 4652 0.161435941531
1462 7090 0.206205923836
544 4524 0.120247568523
268 3505 0.0764621968616
530 3830 0.138381201044
823 6873 0.119743925506
455 3873 0.117479989672
478 4087 0.116956202594
571 5000 0.1142
409 3952 0.103491902834
829 4746 0.174673409187
665 3418 0.194558221182
1499 7619 0.196744979656
321 4088 0.0785225048924
694 3425 0.202627737226
855 6259 0.136603291261
712 4693 0.15171532069
489 3770 0.129708222812
601 5000 0.1202
467 4933 0.0946685586864
1228 4999 0.245649129826
669 3405 0.196475770925
1495 7118 0.210030907558
495 4094 0.1209086468
1250 5837 0.21415110502
461 4946 0.0932066316215
852 4736 0.179898648649
670 3426 0.195563339171
1491 7118 0.209468951953
443 3706 0.11953588775
532 3715 0.143203230148
740 5008 0.147763578275
932 4631 0.201252429281
1418 8356 0.169698420297
1093 5305 0.20603204524
1215 6069 0.200197726149
1328 8661 0.153331024131
1291 7264 0.177725770925
1040 6371 0.163239679799
1210 7039 0.171899417531
2096 9973 0.210167452121
1322 7264 0.18199339207
387 4166 0.0928948631781
1076 6357 0.169262230612
1026 5142 0.199533255543
1186 5797 0.2045885803
1295 5633 0.229895260075
1239 7885 0.157133798351
1090 5448 0.200073421439
1200 5418 0.221483942414
1246 7739 0.161002713529
1309 7318 0.178874009292
431 4148 0.103905496625
1109 5647 0.196387462369
332 4413 0.0752322682982
1312 5769 0.227422430231
778 4755 0.163617245005
1455 9000 0.161666666667
413 4148 0.0995660559306
1078 5689 0.189488486553
994 5413 0.183631997044
1326 5769 0.229849193968
1230 5406 0.227524972253
1245 8328 0.149495677233
389 4133 0.0941204935882
410 4116 0.0996112730807
1088 5157 0.210975373279
1115 5375 0.207441860465
302 4517 0.0668585344255
705 4691 0.15028778512
896 7145 0.125402379286
604 7216 0.0837028824834
509 4824 0.105514096186
459 4887 0.0939226519337
262 5138 0.0509926041261
701 4733 0.148109021762
605 3943 0.153436469693
1444 8300 0.173975903614
541 5006 0.108070315621
286 4959 0.057672917927
318 5138 0.0618917866874
791 4784 0.165342809365
657 3974 0.165324609965
1425 8386 0.169926067255
473 3931 0.120325616891
491 4199 0.116932603001
450 5290 0.0850661625709
780 4758 0.16393442623
454 3816 0.118972746331
456 5042 0.0904403014677
292 4163 0.0701417247178
677 4346 0.155775425679
637 4728 0.13472927242
727 6739 0.107879507345
489 3841 0.127310596199
474 3828 0.123824451411
329 4324 0.0760869565217
756 4738 0.159560996201
502 4021 0.124844566028
468 3983 0.117499372332
552 5001 0.110377924415
820 4731 0.173324878461
586 3760 0.15585106383
