82.0928371349 100.0 0.0
83.2933173269 90.7227655194 49.1820729592
82.2529011605 100.0 0.0
82.4929971989 96.5768390386 18.8850967008
82.1128451381 100.0 0.0
81.8927571028 100.0 0.0
81.612645058 100.0 0.0
85.9543817527 99.9755978526 24.9451745652
82.9731892757 98.9690268822 11.5766188733
82.0528211285 100.0 0.0
81.1924769908 100.0 0.0
83.8335334134 92.9768019751 41.2176856448
82.0528211285 100.0 0.0
82.5330132053 86.282302017 66.3049621542
81.9727891156 100.0 0.0
82.2529011605 100.0 0.0
82.8131252501 99.9756868466 0.0
85.2541016407 99.9267399267 22.8033239939
83.1532613045 99.2969803412 7.53029547605
80.6322529012 93.5448537165 23.8814373241
81.7727090836 100.0 0.0
86.8347338936 94.6190307575 52.3085012861
84.293717487 92.3722762116 47.7739141049
85.5942376951 97.6389233608 32.9475484013
84.0136054422 91.6964709538 48.3405997941
85.6742697079 93.289885236 51.009261832
86.3345338135 99.9510880487 23.6574340692
81.7326930772 97.296106712 12.8115812898
85.7142857143 96.3607827748 35.4216958076
83.7134853942 90.6130754137 53.8594903594
89.5558223289 95.8673866693 59.9752778723
81.6526610644 99.9503229011 0.102880658436
81.7326930772 100.0 0.0
82.6130452181 99.9758629013 0.23817118554
86.7346938776 99.9759499759 24.0133107158
83.2533013205 99.3364554332 11.3043261974
82.8731492597 91.7654524567 43.1933377427
82.8131252501 99.9758278946 0.116144018583
84.9539815926 95.2459893048 37.3155447746
81.8527410964 90.0997084548 48.6838721743
84.4537815126 89.9925973919 60.0168211345
86.1144457783 99.7567704079 25.8953628578
83.1332533013 86.8304796065 66.3815759765
84.3137254902 88.7408808205 63.788621239
84.3337334934 88.8709303959 64.3841093819
81.7927170868 100.0 0.0
81.9327731092 100.0 0.0
85.7543017207 99.9754721609 23.7394508614
83.1532613045 99.3891568973 10.8906193907
83.5934373749 91.0335588152 48.3921090096
82.8131252501 100.0 0.0
81.8927571028 100.0 0.0
85.8543417367 99.9758803666 22.4831231962
83.8335334134 99.3972866483 9.68232401281
81.7927170868 100.0 0.0
82.8531412565 100.0 0.0
85.8343337335 99.9753815854 22.8428789228
83.4933973589 99.3214402844 10.4365346446
83.1132452981 95.8049999186 22.8181627543
82.8531412565 100.0 0.0
87.7551020408 99.1029551988 34.0417830179
86.0144057623 99.9277456647 24.1012244141
85.6942777111 100.0 23.1537021648
84.5138055222 99.2547558191 11.5849175706
83.3933573429 99.141944517 13.2490739453
82.3529411765 100.0 0.0
81.6526610644 95.6958826219 22.4232958294
82.7731092437 99.9757575758 0.0
81.5726290516 92.7760575168 31.5845530131
82.7931172469 100.0 0.0
82.6730692277 99.9758103532 0.0
82.7931172469 100.0 0.0
86.8947579032 99.8539411225 26.9141708452
83.0932372949 99.1235182096 10.7352075737
81.8327330932 98.7448708665 4.91228070175
81.8727490996 100.0 0.0
87.975190076 94.5341262053 57.3653522916
82.0528211285 91.4223404819 41.2520940107
86.7146858743 94.1765975619 52.4243752543
82.8131252501 97.1271383549 16.5519046102
83.7535014006 90.9564671358 51.4908976773
85.9143657463 99.8030885383 26.4155642015
83.4533813525 96.3298828943 27.720156369
83.5534213685 94.9420242384 31.9959297734
82.6730692277 97.1934990629 17.3608796986
88.4353741497 94.1158909227 62.8139973822
82.6130452181 100.0 0.0
82.7531012405 95.1930902658 26.1869107978
82.4729891957 94.9941365891 27.0642026716
85.9543817527 99.9755978526 24.9451745652
83.0132052821 99.3866319475 10.3580938862
83.1332533013 98.4577184121 14.2201841195
81.112444978 96.1908019111 15.7038643533
87.5950380152 93.8555566576 59.4847042101
81.4325730292 95.7497492389 18.5333918007
85.9543817527 91.9692304799 58.8912288146
86.8747499 99.9265069546 25.5144101154
82.5130052021 99.5578388942 7.70944207722
84.893957583 95.1326568847 36.3196993953
81.81272509 96.1967712709 18.5509424908
82.0328131253 100.0 0.0
81.9927971188 100.0 0.0
85.9543817527 99.9755978526 24.9451745652
84.4737895158 99.3261291499 11.2493118808
82.2128851541 90.3524247874 46.2546628779
81.1924769908 100.0 0.0
82.1328531413 100.0 0.0
85.9543817527 99.9755978526 24.9451745652
83.6134453782 99.0274842678 11.5394970772
82.0328131253 99.4350282486 2.37324703344
81.5326130452 100.0 0.0
85.9543817527 99.9755978526 24.9451745652
83.1332533013 98.8267477843 11.0327752504
82.5330132053 100.0 0.0
81.1924769908 100.0 0.0
87.0548219288 99.0719667992 33.7298683457
86.1944777911 99.9505236961 26.2137500033
86.2144857943 99.9508719949 23.0129747813
83.2933173269 98.9472351714 12.7373272942
82.6130452181 99.0442051629 9.75673282284
81.512605042 98.5534868733 3.37129955203
87.4949979992 94.3284293279 54.9367622577
83.0732292917 90.600722968 49.8864412662
86.1344537815 97.9679548206 29.5234304526
82.5730292117 97.1986781375 15.4719882451
83.5334133653 90.8715088144 50.8001449355
86.8947579032 99.9511957052 25.8828264121
82.5730292117 96.6654694745 17.8420192856
83.6334533814 95.1990067423 29.1479947463
81.9527811124 96.3072965755 19.3864232085
88.9555822329 95.5079596177 59.2579206757
81.7527010804 99.9022650062 0.553457762434
81.9527811124 100.0 0.0
81.81272509 99.9757751938 0.0
85.1940776311 99.705654405 23.4615270578
83.4933973589 99.3680590064 9.21826397137
82.1328531413 93.36359841 31.2547125223
81.5926370548 99.5130795996 1.21541752783
87.2949179672 93.6251691385 59.5701235099
81.5726290516 92.7760575168 31.5845530131
86.0544217687 92.4349440522 57.533196171
85.8143257303 100.0 22.8447799797
83.4733893557 99.4420993915 9.49249550925
84.893957583 95.1326568847 36.3196993953
82.012805122 97.0225127088 11.7647058824
81.3325330132 99.9509443218 0.108577633008
81.1524609844 100.0 0.0
85.2741096439 99.9512670565 21.8846063854
83.7134853942 99.4895242879 9.92901543866
82.012805122 90.5568005644 44.1531002462
82.2328931573 100.0 0.0
81.3525410164 100.0 0.0
85.1740696279 99.6323943317 23.6705134737
83.4733893557 99.3441849547 9.21544061658
83.0932372949 100.0 0.0
82.0728291317 100.0 0.0
85.2340936375 99.7065177781 22.7583559105
83.2332933173 99.2222247205 8.43463953495
82.6930772309 100.0 0.0
82.2328931573 100.0 0.0
87.4949979992 99.14686473 34.3811034425
86.1344537815 99.9265785609 25.6417844774
86.5746298519 99.9755978526 22.2749011919
83.4933973589 99.2952875882 9.74150347829
83.3733493397 99.3188062533 10.4909850998
82.2929171669 100.0 0.0
87.37494998 97.4947617346 39.4504400705
87.7951180472 94.8501037287 53.9984315944
87.2348939576 94.7642794257 54.9043133225
87.0348139256 94.1527177285 55.7721513242
89.0356142457 97.1606942914 54.2256625086
87.3549419768 94.5173539986 53.5151057781
88.6954781913 95.1087104544 58.3259903712
86.9347739096 94.1454884604 56.8622769838
85.3141256503 93.4325305671 48.4407652686
82.6930772309 90.1533336483 50.2021021615
83.2733093237 93.2865470461 37.8108903606
86.6546618647 99.9759499759 24.9691473857
81.9527811124 92.6813139944 34.0072522095
82.7931172469 91.6225046184 43.2325983537
82.9931972789 93.113676115 38.5144597053
86.5546218487 94.0201775354 52.6397104981
85.8743497399 94.0874572377 49.7856799165
87.9151660664 95.6338697069 53.6902098606
87.3549419768 95.0682327074 51.9028440328
87.5550220088 94.2845110343 55.7130429126
86.2745098039 93.7654821821 53.8020757193
83.7735094038 90.9517362352 50.4228780684
85.8543417367 99.9757045675 24.0119585007
83.1732693077 97.1616673965 20.6187320975
83.5934373749 94.6256751436 33.4561693598
81.1924769908 90.4867926553 40.7402255196
85.7142857143 95.3549071516 42.4212685613
84.0136054422 91.1881596776 51.9376631137
83.993597439 95.1921078421 33.7301058511
83.3533413365 90.6475494326 52.9509236335
87.8151260504 98.8364593137 35.4190484971
86.1744697879 99.2208424641 26.8197265066
86.4745898359 99.9757751938 24.9208836734
84.0136054422 97.7251271155 17.8190837971
83.2933173269 96.4821180615 25.9849775797
83.4533813525 97.1863391558 19.0875030937
89.4957983193 95.8317597899 59.6189797804
88.4153661465 93.1803443126 66.6767317033
88.5154061625 95.3253380439 58.0657015806
86.1744697879 99.8542518498 25.4590643275
89.0156062425 95.5726179457 59.8762229468
88.9955982393 95.647987559 59.0017460457
88.1352541016 92.0031823672 71.3159501062
81.112444978 99.975235265 0.104166666667
82.3329331733 100.0 0.0
86.5546218487 99.9756335283 23.5931972233
84.6138455382 99.3015943285 12.2187395403
82.0728291317 93.0630335863 30.8853357021
82.8731492597 99.9757575758 0.231506601555
81.6726690676 100.0 0.0
86.3745498199 99.67980397 25.2344657782
83.5134053621 99.2696411823 11.4811455077
82.9731892757 100.0 0.0
82.8531412565 99.9757575758 0.114547537228
86.3145258103 99.9754540992 23.1116215087
84.0536214486 99.3442524059 12.7987332584
82.9531812725 91.9543454589 42.3763782715
82.8131252501 99.9758278946 0.116144018583
88.0552220888 99.4179500442 34.2860211461
86.4145658263 100.0 25.3733928672
85.5542216887 99.875899727 23.7560701872
84.493797519 99.0847587275 12.2651896795
83.6134453782 99.4615989498 12.3134617568
82.4729891957 94.4833250219 26.7064914377
86.4945978391 93.6570867458 56.4727550325
87.174869948 93.7085838314 58.5614753699
86.1944777911 99.879139473 25.785713735
85.9343737495 95.6325758642 41.3757561541
87.3149259704 93.6292033565 58.0483993563
87.074829932 93.478814464 59.2303609342
85.7342937175 91.8907126517 57.4270497673
86.3745498199 99.8288160287 24.4100578681
82.9131652661 99.4130725538 8.81354492576
84.3737494998 94.8159576548 37.3727075182
81.31252501 100.0 0.0
86.8947579032 99.8063221618 25.8728167899
85.9543817527 91.9038211408 59.2159611794
84.7539015606 92.4301017316 49.5589032013
84.7338935574 91.2138754965 56.5983280255
87.4949979992 99.3167980567 32.7734853051
86.2745098039 99.8315282792 22.5173378421
86.3345338135 99.9519346311 25.069124424
82.9531812725 95.2339145163 28.3244564831
83.7134853942 99.5136399395 10.289514263
82.0728291317 89.5882507212 49.2450049016
82.5730292117 100.0 0.0
86.1544617847 100.0 23.2094089914
83.9535814326 99.3214675708 11.330944619
82.0328131253 93.0142051296 30.8853357021
82.8131252501 100.0 0.0
85.3741496599 99.9260686999 24.8082184549
83.0932372949 99.3153819908 10.9839937347
81.31252501 96.252755327 13.2240437158
82.8131252501 100.0 0.0
87.1548619448 99.6845125628 27.8427488325
86.4545818327 99.9279538905 25.2162777262
85.6942777111 100.0 23.1537021648
84.4737895158 99.5921558446 9.76469326469
83.5334133653 99.4371072608 11.9898371614
81.6726690676 93.3716737207 29.237739391
86.5946378551 99.8291849683 23.735610394
83.1732693077 99.0007845711 11.522204308
81.7326930772 100.0 0.0
82.8131252501 100.0 0.0
87.9151660664 99.4428435212 33.3591891612
85.6742697079 100.0 23.252264831
85.5542216887 99.875899727 23.7560701872
83.6534613846 99.3182655628 11.0053326161
83.2733093237 99.0460539956 12.3023829695
82.1728691477 99.472801342 1.81818181818
87.7951180472 99.1036868824 34.2529171702
85.7342937175 100.0 23.8184241625
85.5542216887 99.875899727 23.7560701872
83.8735494198 99.4001112117 8.33964678395
83.3333333333 99.2407760977 11.7594948044
82.3129251701 100.0 0.0
87.8351340536 99.1725925755 35.7811685923
87.575030012 99.0156572043 37.855762717
85.8743497399 99.97536339 25.428499734
84.2336934774 99.3743728096 10.5535753383
