190 4000 0.0475
1368 4774 0.28655215752
353 4000 0.08825
700 5000 0.14
257 4000 0.06425
206 4000 0.0515
184 4000 0.046
109 3391 0.0321439103509
423 2773 0.152542372881
252 4000 0.063
208 4000 0.052
1618 5827 0.277672902008
435 4004 0.108641358641
808 5000 0.1616
217 4000 0.05425
316 4000 0.079
206 4000 0.0515
123 3013 0.0408230999004
397 2690 0.147583643123
262 4000 0.0655
262 4000 0.0655
1539 5179 0.297161614211
774 5000 0.1548
962 4615 0.208450704225
1550 5262 0.294564804257
1648 5655 0.29142351901
186 3391 0.0548510763786
387 4201 0.0921209235896
1447 5759 0.251258899114
1534 5075 0.302266009852
920 5000 0.184
370 4004 0.0924075924076
376 4000 0.094
342 3009 0.113659022931
208 3399 0.0611944689615
436 2646 0.16477702192
856 4509 0.189842537148
384 3009 0.127617148554
866 5000 0.1732
816 5000 0.1632
841 5000 0.1682
130 3014 0.0431320504313
766 4002 0.191404297851
773 5000 0.1546
817 5000 0.1634
256 4000 0.064
243 3256 0.0746314496314
124 3391 0.0365673842524
477 3674 0.129831246598
869 5000 0.1738
307 4000 0.07675
195 4000 0.04875
126 3400 0.0370588235294
398 2708 0.146971935007
269 4000 0.06725
296 4000 0.074
107 3235 0.0330757341577
422 2744 0.153790087464
921 4569 0.201575837163
246 4000 0.0615
427 4061 0.105146515637
171 3014 0.0567352355674
123 3080 0.0399350649351
375 2677 0.140082181547
449 2744 0.163629737609
312 4000 0.078
946 4138 0.228612856452
313 2627 0.11914731633
932 5000 0.1864
264 4000 0.066
263 3606 0.0729339988907
235 3985 0.0589711417817
142 3046 0.0466185160867
472 2742 0.172137126185
796 4044 0.196834817013
364 4000 0.091
1509 4342 0.347535697835
1429 5142 0.277907429016
1618 5615 0.288156723063
946 4138 0.228612856452
1610 5169 0.311472238344
256 3467 0.0738390539371
1214 4515 0.268881506091
1355 4807 0.281880590805
984 4138 0.237796036733
843 5000 0.1686
309 2627 0.11762466692
986 4618 0.213512343006
1010 4624 0.218425605536
218 3093 0.0704817329454
490 2726 0.179750550257
1022 4747 0.215293869813
424 3618 0.117191818684
861 4547 0.18935561909
879 5000 0.1758
840 5000 0.168
110 3000 0.0366666666667
380 3555 0.106891701828
928 5000 0.1856
983 5000 0.1966
268 4000 0.067
305 4000 0.07625
122 3093 0.0394439055933
490 3631 0.134949049849
909 4615 0.196966413868
327 4000 0.08175
225 3971 0.0566607907328
103 3093 0.0333010022632
433 2748 0.157569141194
212 3190 0.0664576802508
320 3885 0.0823680823681
141 3093 0.0455868089234
470 2742 0.171407731583
364 4000 0.091
303 3971 0.0763031981869
375 2726 0.137564196625
166 3115 0.053290529695
124 3002 0.0413057961359
507 2750 0.184363636364
470 2756 0.17053701016
393 4000 0.09825
1457 4009 0.363432277376
1497 5302 0.282346284421
1028 4615 0.222751895991
981 4035 0.24312267658
1657 4975 0.333065326633
200 3279 0.0609942055505
1301 4528 0.287323321555
1594 5496 0.290029112082
1066 4287 0.248658735713
976 5000 0.1952
285 2167 0.131518227965
481 3014 0.159588586596
546 3019 0.180854587612
277 3438 0.0805700988947
480 2682 0.178970917226
928 4309 0.215363193316
519 3301 0.157225083308
909 5000 0.1818
1100 5000 0.22
1042 5000 0.2084
139 3391 0.0409908581539
641 3759 0.170524075552
975 5000 0.195
439 4000 0.10975
314 4000 0.0785
244 3074 0.0793754066363
137 3350 0.0408955223881
515 3615 0.142461964039
947 5000 0.1894
282 3289 0.0857403466099
325 4000 0.08125
207 3436 0.0602444703143
472 2742 0.172137126185
356 4000 0.089
266 3040 0.0875
205 3428 0.0598016336056
473 2742 0.172501823487
392 4000 0.098
350 4000 0.0875
380 2776 0.136887608069
212 3123 0.0678834454051
164 3279 0.0500152485514
533 2770 0.192418772563
492 2748 0.17903930131
486 4000 0.1215
787 4317 0.182302524902
1569 5015 0.312861415753
1582 5000 0.3164
1540 4009 0.384135694687
844 4391 0.19221134138
1455 4055 0.358816276202
1467 5109 0.287140340575
1642 5127 0.320265262337
1650 5615 0.293855743544
1483 5302 0.279705771407
1634 5488 0.297740524781
187 3000 0.0623333333333
517 4065 0.127183271833
878 5000 0.1756
944 4327 0.2181650104
1592 5615 0.283526268923
1753 5615 0.312199465717
873 4000 0.21825
1176 4177 0.281541776395
1692 5615 0.301335707925
1654 5615 0.294568121104
1677 5068 0.33089976322
198 3000 0.066
1273 4506 0.282512205948
1535 4975 0.308542713568
1029 4144 0.248310810811
226 3391 0.0666470067827
1881 5320 0.353571428571
1493 5076 0.294129235619
1703 5131 0.331904112259
362 2691 0.134522482349
672 3740 0.179679144385
226 3391 0.0666470067827
555 3367 0.164835164835
1331 4506 0.295383932534
906 4517 0.200575603277
950 5000 0.19
946 5000 0.1892
974 4009 0.242953354951
158 3014 0.0524220305242
973 4119 0.236222384074
989 5000 0.1978
951 5000 0.1902
434 2821 0.153846153846
470 4000 0.1175
227 3283 0.0691440755407
474 2652 0.178733031674
871 4152 0.209778420039
418 2775 0.150630630631
434 3634 0.119427627958
220 3305 0.0665658093797
485 2643 0.1835035944
556 4000 0.139
309 2775 0.111351351351
232 3000 0.0773333333333
506 2724 0.185756240822
1006 4394 0.228948566227
456 3009 0.151545363908
528 4087 0.129190114999
161 3008 0.0535239361702
247 3000 0.0823333333333
419 2696 0.155415430267
540 2676 0.201793721973
1053 4409 0.238829666591
873 5000 0.1746
972 5000 0.1944
132 3014 0.043795620438
883 4119 0.21437242049
968 5000 0.1936
995 4547 0.218825599296
1036 5000 0.2072
140 3231 0.0433302383163
631 3767 0.167507300239
973 5000 0.1946
436 4000 0.109
147 3014 0.0487723954877
1096 4351 0.251896115835
969 5000 0.1938
1029 5000 0.2058
338 3116 0.108472400513
107 3391 0.0315541138307
144 3357 0.0428954423592
1062 4351 0.244081820271
667 3749 0.177914110429
1014 5000 0.2028
295 4000 0.07375
130 3138 0.0414276609305
499 3588 0.139074693423
939 4654 0.201761925226
214 4000 0.0535
149 3052 0.0488204456094
532 3629 0.146596858639
311 4000 0.07775
230 4000 0.0575
430 2834 0.15172900494
118 3014 0.0391506303915
142 3138 0.0452517527087
452 3636 0.124312431243
519 2798 0.185489635454
461 4000 0.11525
147 3000 0.049
497 2725 0.182385321101
399 4000 0.09975
240 4000 0.06
381 2771 0.137495488993
181 3000 0.0603333333333
159 3000 0.053
515 2753 0.187068652379
492 2695 0.182560296846
638 4276 0.149204864359
408 2939 0.138822728819
205 3235 0.0633693972179
162 3235 0.0500772797527
572 2698 0.212008895478
508 2742 0.18526622903
483 4000 0.12075
405 2813 0.14397440455
420 3089 0.135966332146
267 3001 0.0889703432189
561 2758 0.20340826686
