81.6326530612 100.0 0.0
81.6926770708 100.0 0.0
83.0932372949 93.3243291639 36.7953971578
81.9327731092 100.0 0.0
82.1728691477 100.0 0.0
82.9931972789 100.0 0.0
81.012404962 100.0 0.0
83.0132052821 100.0 0.0
85.8343337335 99.9753815854 22.8428789228
83.5134053621 99.0294211433 11.8030525265
81.7326930772 100.0 0.0
82.8131252501 100.0 0.0
82.7931172469 100.0 0.0
82.3529411765 100.0 0.0
81.4525810324 100.0 0.0
82.8531412565 100.0 0.0
81.6326530612 100.0 0.0
81.712685074 100.0 0.0
82.2729091637 100.0 0.0
85.7943177271 99.9266304465 23.8208654366
83.1332533013 99.0434058419 10.3593073593
81.6926770708 96.5635860075 16.1224060147
81.5326130452 100.0 0.0
81.8727490996 98.9891518738 2.12314225053
81.7326930772 100.0 0.0
81.712685074 100.0 0.0
81.6926770708 100.0 0.0
81.3325330132 100.0 0.0
81.3325330132 100.0 0.0
85.2741096439 99.9512670565 21.8846063854
83.2933173269 99.2970621736 8.44272080949
81.8327330932 100.0 0.0
82.1528611445 100.0 0.0
85.3741496599 97.3345782979 34.2941401807
81.4925970388 97.0229380185 11.0
84.3337334934 95.5326543899 35.1264519027
81.3925570228 100.0 0.0
82.5730292117 95.4775568294 22.0021862369
86.1544617847 99.975651327 24.5418036542
83.693477391 99.4934622672 9.12920636526
83.4133653461 96.7498728868 20.7024225899
81.2324929972 100.0 0.0
81.4325730292 100.0 0.0
81.4525810324 99.9757751938 0.0
82.3329331733 99.9756335283 0.454150495279
81.4525810324 100.0 0.0
86.3345338135 100.0 23.1116215087
83.4533813525 99.4126209104 11.5876684956
82.3129251701 96.6737942504 16.4765525982
82.8131252501 99.9758278946 0.116144018583
81.7527010804 100.0 0.0
82.0928371349 100.0 0.0
82.0728291317 100.0 0.0
86.1344537815 99.902605308 24.6533290343
81.8727490996 100.0 0.0
81.8327330932 100.0 0.0
81.31252501 100.0 0.0
82.4729891957 100.0 0.0
82.1928771509 100.0 0.0
86.6346538615 99.9758278946 26.326745164
81.9327731092 99.5590137401 3.50043992961
81.9527811124 100.0 0.0
82.9131652661 100.0 0.0
82.0528211285 100.0 0.0
86.6746698679 100.0 23.4022770607
83.7535014006 99.0738992717 13.7375421796
82.5130052021 100.0 0.0
82.8531412565 100.0 0.0
86.6346538615 99.9758278946 26.326745164
83.893557423 99.0300092947 11.4594021257
82.6130452181 100.0 0.0
82.8131252501 100.0 0.0
87.7350940376 98.763928912 35.5485811117
86.0744297719 100.0 24.2016709842
85.5542216887 99.875899727 23.7560701872
82.8531412565 99.2676191868 8.34928080161
83.2332933173 98.8746785751 12.8535388505
82.3129251701 100.0 0.0
