94 2000 0.047
103 2000 0.0515
748 3000 0.249333333333
193 2000 0.0965
114 2000 0.057
96 2000 0.048
99 2000 0.0495
92 2000 0.046
78 2000 0.039
416 2670 0.155805243446
66 2000 0.033
102 2000 0.051
100 2000 0.05
186 2000 0.093
210 2009 0.104529616725
62 2000 0.031
123 2000 0.0615
122 2000 0.061
134 2000 0.067
75 2000 0.0375
373 1691 0.220579538734
726 2833 0.256265442993
177 2000 0.0885
195 2000 0.0975
211 2000 0.1055
124 2000 0.062
138 2000 0.069
139 2000 0.0695
143 2000 0.0715
79 2000 0.0395
402 1698 0.236749116608
183 2000 0.0915
167 2000 0.0835
808 3009 0.268527750083
182 2000 0.091
842 3000 0.280666666667
193 2000 0.0965
898 3000 0.299333333333
71 2000 0.0355
541 2705 0.2
767 3000 0.255666666667
242 2000 0.121
138 2000 0.069
220 2006 0.109670987039
214 2009 0.106520657043
218 2000 0.109
83 2000 0.0415
497 2696 0.184347181009
756 3000 0.252
272 2009 0.135390741663
112 2000 0.056
124 2000 0.062
129 2000 0.0645
71 2000 0.0355
125 2000 0.0625
93 2000 0.0465
164 2000 0.082
130 2000 0.065
140 2000 0.07
72 2000 0.036
142 2000 0.071
83 2000 0.0415
181 2000 0.0905
138 2000 0.069
75 2000 0.0375
395 1698 0.232626619552
172 2000 0.086
172 2000 0.086
86 2000 0.043
381 1691 0.225310467179
198 2000 0.099
186 2000 0.093
414 2698 0.153446997776
67 2000 0.0335
92 2000 0.046
532 2698 0.197183098592
419 1698 0.246760895171
221 2000 0.1105
