92.1968787515 99.7832683138 0.498511904762
92.8971588635 99.9141999142 0.297619047619
92.0168067227 99.6969939163 1.5808492448
92.7370948379 99.7841346672 0.545316951567
92.8971588635 99.9141999142 0.297619047619
92.1968787515 99.9136442142 0.0
92.4369747899 99.6976973889 1.37142336432
91.8567426971 99.2872226029 5.57057057057
92.8171268507 98.6510573675 27.0586861768
91.8167266907 99.9562959977 0.0
92.5770308123 99.3533671641 3.88431591557
92.5770308123 99.3533671641 3.88431591557
93.8775510204 98.8575453737 28.3505730381
92.4169667867 99.7613976033 0.0
91.8367346939 99.7836902444 1.03474178404
92.2368947579 99.8261016985 0.0
92.1968787515 99.7824144988 0.0
92.6370548219 99.9566395618 0.0
92.3569427771 99.870340016 0.0
92.1368547419 99.5483915384 1.90797333932
92.9971988796 98.8730490964 21.6871266871
91.9167667067 99.9566536628 0.220750551876
92.7370948379 99.7641462881 4.28164410465
92.7370948379 99.7641462881 4.28164410465
93.6774709884 98.8134146149 29.0603122462
92.6570628251 99.7625911843 2.46633794013
92.8171268507 99.9141446662 0.549438176946
92.7571028411 99.8489980864 0.549438176946
92.1168467387 99.8705501618 0.524934383202
92.5370148059 99.7410994184 2.20274489724
91.8967587035 99.3909259233 2.53504964327
93.2773109244 99.0310725625 19.0956024912
91.8167266907 99.9562959977 0.0
92.6170468187 99.3967135014 3.88431591557
92.6170468187 99.3967135014 3.88431591557
93.93757503 98.9225648795 28.3505730381
92.8171268507 99.9352331606 0.273224043716
91.8967587035 99.7179272314 0.294985250737
91.7767106843 99.9565828635 0.484689413823
91.9767907163 99.6954277492 2.53060483453
92.3969587835 99.4375602218 4.93045365198
92.4569827931 98.7222641555 17.5801349819
92.0368147259 99.7186248918 1.5808492448
92.7370948379 99.6985751867 1.12042058461
92.7370948379 99.6985751867 1.12042058461
93.5774309724 99.0251841407 27.5763508178
92.8171268507 99.9141446662 0.549438176946
92.2569027611 99.8492678725 0.564971751412
91.8767507003 99.8708109426 0.513148212695
92.1768707483 99.4621699411 3.72878260735
92.9171668667 99.327384087 16.7735042735
92.2769107643 99.9346405229 0.0
92.6970788315 99.3964801742 5.00578703704
92.6970788315 99.3964801742 5.00578703704
93.9975990396 99.1816057045 26.3617735144
92.0768307323 99.8705501618 0.0
92.6970788315 99.8925424457 0.289855072464
92.0568227291 99.4406178391 2.2894804051
92.2769107643 98.435672335 21.7636362791
91.9167667067 99.9783268314 0.0
92.6170468187 99.4182327611 3.59941563067
92.6170468187 99.4182327611 3.59941563067
93.9175670268 98.9225648795 28.047542735
92.4169667867 99.9132503342 0.266666666667
92.1368547419 99.5011915678 4.66474379847
93.337334934 99.302353197 24.6529038742
92.0768307323 99.8691790629 0.47619047619
92.1968787515 99.6751276383 1.85113932709
92.1968787515 99.6751276383 1.85113932709
93.9175670268 99.0021343039 33.7537450268
92.1368547419 99.4551677472 6.18559198468
93.4973989596 99.0779045698 22.1645951299
92.7971188475 99.9782135076 0.0
92.6770708283 99.6123471715 2.24587944157
92.6770708283 99.6123471715 2.24587944157
93.8975590236 99.0272418741 29.5813746439
93.4173669468 98.656713915 30.3159779446
91.7767106843 99.3029973284 6.1843487395
92.1368547419 99.0942333147 6.56281281281
92.1368547419 99.0942333147 6.56281281281
93.8975590236 99.2427314123 28.1100900399
93.3573429372 98.9399818186 23.2809645597
92.6570628251 98.698226049 22.8796126235
92.6570628251 98.698226049 22.8796126235
94.8579431773 98.3409904116 49.2703200996
92.1368547419 99.5038576182 3.49195277584
92.1368547419 99.5038576182 3.49195277584
93.3973589436 99.2827978977 25.7823506648
92.7370948379 99.6331012862 3.04217613547
93.93757503 98.9225648795 28.3505730381
93.93757503 98.9225648795 28.3505730381
91.5966386555 99.9780412824 0.708848383267
91.8767507003 99.8039200086 0.738014239771
92.3769507803 99.8264167971 0.529100529101
92.3369347739 99.9350364219 0.268817204301
91.8967587035 99.8912782101 0.731950759676
92.6370548219 99.6320005377 0.77519379845
92.0968387355 99.7613079336 1.56103469
93.6974789916 99.525570087 18.9444444444
92.2368947579 99.69634834 2.06077690221
92.2769107643 99.5656996169 3.8962021782
92.2769107643 99.5656996169 3.8962021782
93.0772308924 98.9105620483 27.592814106
92.7971188475 99.7842494562 0.806451612903
91.9967987195 99.9353587589 1.0468420945
92.3369347739 99.9132649675 1.02973918575
92.7771108443 100.0 0.0
92.3769507803 99.9567058493 1.26204541098
91.9767907163 99.7395392588 1.02455900243
92.5970388155 98.3692439989 27.314610222
91.7366946779 99.7169128626 0.748207140403
91.9767907163 99.8256485816 1.52965974104
91.9767907163 99.8256485816 1.52965974104
93.8975590236 98.9617297594 31.0408591021
92.8971588635 99.9137835691 0.537634408602
92.7971188475 99.7842494562 0.806451612903
91.8167266907 100.0 0.46332046332
92.5770308123 99.8710509349 0.844260409478
92.3769507803 99.459360963 4.44383564711
92.9771908764 98.9378569533 19.8360901455
92.6770708283 99.8275675717 0.550964187328
92.6570628251 99.6557027323 0.582786176007
92.6570628251 99.6557027323 0.582786176007
93.837535014 98.9791622065 33.964941551
92.5370148059 100.0 0.0
92.8371348539 100.0 0.0
92.3769507803 99.8915537751 2.09905263097
92.0368147259 99.7615178648 1.82656605582
93.0972388956 98.8736437963 22.8038643223
92.4769907963 100.0 0.0
92.2969187675 99.6531859559 2.58461538462
92.2969187675 99.6531859559 2.58461538462
93.8575430172 99.0460530353 32.1156502975
92.3769507803 100.0 0.0
92.3569427771 99.9567058493 1.0256387916
91.9767907163 99.7395392588 1.02455900243
93.0772308924 98.7189010309 27.8460071019
91.7366946779 99.6522010865 2.69177350427
92.4969987995 99.636807472 2.86862193652
92.4969987995 99.636807472 2.86862193652
93.9975990396 98.8355959925 30.37764921
92.2368947579 99.6544901868 3.23636015125
92.2569027611 99.9134595727 0.2849002849
93.737494998 98.7301152609 30.3783516911
92.5170068027 99.8704941593 1.37741046832
92.6570628251 100.0 0.0
92.6570628251 100.0 0.0
93.5774309724 99.346547345 28.519419663
92.1968787515 99.2196097625 7.75284632136
93.637454982 98.9267868269 25.9836692108
91.8967587035 99.7602018032 0.254452926209
92.7571028411 99.5260735739 3.66293705033
92.7571028411 99.5260735739 3.66293705033
93.5574229692 99.0672414178 29.215804899
92.8571428571 98.8708483736 23.5441461121
92.3769507803 99.6319633246 3.97641020908
92.0968387355 98.8744025805 9.77595899471
92.0968387355 98.8744025805 9.77595899471
93.4973989596 99.1719847575 30.4138176638
93.1172468988 98.7427203486 26.3006221612
92.5770308123 98.1196256203 24.2788113695
92.5770308123 98.1196256203 24.2788113695
94.8379351741 98.3019767661 55.8143506988
92.5570228091 99.7838021221 1.89088914699
92.5570228091 99.7838021221 1.89088914699
94.0976390556 99.0528384222 29.0422578185
92.6970788315 99.8700153923 0.769230769231
93.8575430172 98.8961025977 31.3021008875
93.8575430172 98.8961025977 31.3021008875
91.9767907163 99.8915173802 0.533333333333
92.3169267707 99.8704242921 0.273224043716
92.5970388155 99.9132930593 0.777459635727
92.6570628251 99.7595628415 1.41843971631
92.4169667867 99.9352696221 2.16294631188
91.9567827131 99.5868205413 1.51582671636
92.5370148059 98.4133314961 25.3225262535
92.0768307323 99.6095724978 1.33904878547
92.3169267707 99.7842205793 0.25641025641
92.3169267707 99.7842205793 0.25641025641
94.0576230492 98.8384364045 30.189487929
92.6370548219 99.9785084891 0.0
92.4369747899 99.7627988889 0.0
91.8167266907 100.0 0.46332046332
92.1368547419 99.6545457681 1.09873406727
91.9367747099 99.4350100915 2.76895943563
92.7771108443 98.8514427693 19.5561194028
91.7567026811 99.6736013776 3.36540395137
92.6770708283 99.4396247516 4.69052512969
92.6770708283 99.4396247516 4.69052512969
93.4573829532 98.847250514 32.3340330693
92.3169267707 99.9565689468 0.254452926209
92.3169267707 99.8062149465 1.40626780627
91.9567827131 99.697522424 1.63870291199
91.2364945978 98.5369567865 8.76036495789
92.8771508603 99.0473834822 17.9313162897
91.7967186875 99.6312336442 2.3828023828
91.6566626651 99.3061760336 2.85669191919
91.6566626651 99.3061760336 2.85669191919
93.9975990396 99.1181014808 28.556278978
92.0768307323 99.8263844621 0.268817204301
92.8371348539 99.7413367552 1.96630156893
91.5966386555 99.1568235374 3.50901328062
93.0572228892 98.7667842009 22.144146894
92.1968787515 99.8058801438 1.87921551558
91.7166866747 99.629344662 1.0158089642
91.7166866747 99.629344662 1.0158089642
94.237695078 98.9190702391 35.3590408006
92.3969587835 99.8486813206 2.93605985095
91.7366946779 99.8045285844 0.254452926209
93.9775910364 99.4182706451 23.0568096156
91.7967186875 99.5666880592 4.03448450824
92.1968787515 99.7204938684 1.99485199485
92.1968787515 99.7204938684 1.99485199485
93.7174869948 98.9982910991 31.9090872268
92.3369347739 99.4130333602 7.17313617643
93.9175670268 99.1593793868 25.3428093645
92.0568227291 99.6537815183 0.0
92.0768307323 99.2842248689 5.58851888639
92.0768307323 99.2842248689 5.58851888639
93.4773909564 99.0247337647 27.4058875123
93.137254902 98.9619839517 20.8424887748
92.3969587835 99.8920253053 0.824253496009
91.1764705882 98.4816162013 14.6467336165
91.1764705882 98.4816162013 14.6467336165
93.3973589436 99.0850858811 29.0008388681
92.9171668667 98.6322817068 24.945608611
93.2172869148 98.5108845619 27.4662124737
93.2172869148 98.5108845619 27.4662124737
94.6778711485 98.5296756222 46.7559475581
91.5366146459 99.4967281732 6.43526552471
91.5366146459 99.4967281732 6.43526552471
92.7771108443 99.1064394387 21.3027893705
92.3569427771 99.6537708314 4.67905216242
93.6174469788 99.067170993 29.9626062289
93.6174469788 99.067170993 29.9626062289
92.6570628251 100.0 0.0
92.3569427771 99.6764431031 0.0
92.8371348539 99.6563394418 0.588754020127
92.5770308123 99.8494059132 1.10881067403
91.6366546619 99.5862367326 2.95942857889
93.037214886 98.751636257 21.0704447068
91.356542617 99.6740367134 0.971016072575
92.2769107643 99.6114603353 1.66056166056
92.2769107643 99.6114603353 1.66056166056
93.3173269308 98.8959498435 27.9201365485
92.7771108443 99.8709667733 0.294985250737
92.5570228091 99.892011307 2.65523223241
92.7170868347 99.6973134065 1.11203396087
91.8367346939 99.7157173634 1.651901566
92.7971188475 98.9827819566 16.2821894341
91.8167266907 99.7389636919 2.15125145366
92.6170468187 99.7855388575 3.55267460254
92.6170468187 99.7855388575 3.55267460254
93.037214886 98.8066628109 24.4372355166
92.4169667867 100.0 0.0
92.3369347739 99.8923971676 1.6262393922
92.2368947579 99.6744052363 1.54508550208
92.7170868347 98.9160454491 18.655119509
92.1168467387 99.6988811283 2.35055413133
92.1568627451 99.8045672627 0.239808153477
92.1568627451 99.8045672627 0.239808153477
93.4573829532 98.701575383 29.1945339261
92.0568227291 99.7837266393 1.9658878044
91.9967987195 99.8051921698 0.497512437811
93.537414966 99.3072463907 23.2220238095
91.9367747099 99.6721241214 2.61598522082
92.2969187675 99.6536919486 1.5652137078
92.2969187675 99.6536919486 1.5652137078
93.2773109244 99.0207136296 26.8230872063
92.1968787515 99.2196097625 7.75284632136
92.9371748699 98.8381476948 29.1347270616
92.0568227291 99.6311344185 0.78125
92.7971188475 99.7409113818 1.73595798339
92.7971188475 99.7409113818 1.73595798339
93.4773909564 99.0247337647 27.4058875123
93.4773909564 98.8784031351 23.2185624995
92.4369747899 99.7832932546 2.68011681805
92.2168867547 98.5062614601 15.7253950067
92.2168867547 98.5062614601 15.7253950067
93.7575030012 98.8965525216 31.1192214112
93.4773909564 98.8927284546 27.9309116809
92.9371748699 98.3077946494 31.0072260858
92.9371748699 98.3077946494 31.0072260858
94.7178871549 98.4330424016 53.042518507
92.0168067227 99.717016962 3.44303106776
92.0168067227 99.717016962 3.44303106776
93.9775910364 99.2202425906 31.4027154936
91.9367747099 99.8041346322 0.493935568849
93.4973989596 99.0857269047 30.1540035773
93.4973989596 99.0857269047 30.1540035773
92.5970388155 99.9351057114 0.0
92.1568627451 100.0 0.0
92.5770308123 99.9137128707 0.289855072464
92.3769507803 99.5047851999 2.59259259259
93.237294918 99.0752608525 19.6930342385
91.7366946779 99.9129098537 0.243309002433
91.8567426971 98.8081134069 9.36174644836
91.8567426971 98.8081134069 9.36174644836
93.4773909564 99.0489095917 26.2816106426
92.8771508603 99.8923473419 0.537634408602
92.5770308123 99.8494059132 1.10881067403
92.5170068027 99.5448886625 3.69825708061
93.3773509404 98.9862125356 22.443579647
91.7967186875 99.6952604636 3.62787114297
91.9367747099 99.8485831711 0.533333333333
91.9367747099 99.8485831711 0.533333333333
94.0976390556 98.9485379198 28.4507250194
92.7571028411 99.827623357 1.68067226891
92.7370948379 99.6140211996 1.73755147697
93.5174069628 99.5018458071 23.5516672709
91.6766706683 99.5622178675 3.45406824147
92.1168467387 99.6318725612 3.62146860454
92.1168467387 99.6318725612 3.62146860454
93.8975590236 98.9668305425 27.098038443
92.2569027611 99.3943823288 3.60498989886
92.9971988796 98.7645793444 24.0054614287
92.4169667867 99.6538625042 2.62101246495
91.8367346939 99.2821196835 6.23197002652
91.8367346939 99.2821196835 6.23197002652
93.3573429372 98.5558395121 28.1551509493
92.6570628251 98.8258554693 22.4686716792
92.5170068027 99.6974852897 2.15867944043
92.0768307323 98.5685256167 15.707387459
92.0768307323 98.5685256167 15.707387459
93.337334934 98.8931609731 27.8303790254
93.337334934 99.0726865373 21.669890254
93.0572228892 98.553763568 26.0183255168
93.0572228892 98.553763568 26.0183255168
94.8579431773 98.6865002508 47.313393677
91.7767106843 99.3451600505 7.2787244878
91.7767106843 99.3451600505 7.2787244878
93.1572629052 98.9348383248 26.1765765766
92.0568227291 99.5451202305 3.85135366201
92.8371348539 98.976890758 24.2573971041
92.8371348539 98.976890758 24.2573971041
92.2769107643 100.0 0.0
92.3169267707 99.6948324636 3.51749234728
91.5566226491 99.584881961 2.10084033613
93.0172068828 99.0046795391 20.4893904894
91.9967987195 99.6352385881 1.87437286775
92.3169267707 99.0066435727 8.98610685738
92.3169267707 99.0066435727 8.98610685738
93.6174469788 99.1138457763 25.503354887
92.2368947579 99.6343190484 3.66444781338
92.0968387355 99.3559180935 5.34200968523
93.4973989596 99.5211111282 25.4382437388
92.1968787515 99.8916869179 1.12165145278
92.0368147259 99.2000607126 4.55913978495
92.0368147259 99.2000607126 4.55913978495
93.0772308924 98.932971116 27.0336657595
92.3569427771 98.9386340265 13.8022263814
93.0972388956 98.7690032687 20.7796620641
92.4169667867 99.9130646153 0.525794878139
92.5570228091 99.3119247647 4.16666666667
92.5570228091 99.3119247647 4.16666666667
93.3573429372 99.1330887229 24.4847845912
93.2573029212 99.1796609245 17.5356599356
92.2368947579 99.1344942526 7.97720797721
91.6366546619 98.8473607735 11.7262109522
91.6366546619 98.8473607735 11.7262109522
93.43737495 99.2622424788 24.9042524729
92.6570628251 99.0016168499 16.6086663673
93.337334934 98.0175529994 33.2572552358
93.337334934 98.0175529994 33.2572552358
94.7779111645 98.468620647 49.0734377863
91.7767106843 99.4980853338 4.33932033165
91.7767106843 99.4980853338 4.33932033165
92.8771508603 98.9739289519 23.4321427904
92.0568227291 98.976965933 15.3773385401
93.337334934 98.8452269499 30.3330928331
93.337334934 98.8452269499 30.3330928331
92.3569427771 99.8486813206 2.46324661218
92.4369747899 99.8700453744 1.31458333333
93.1172468988 99.4332847768 21.9997236042
92.1968787515 99.8917638267 1.47772090551
92.2368947579 99.5448040129 3.36428804171
92.2368947579 99.5448040129 3.36428804171
93.1772709084 99.1070419517 25.7984876608
92.1968787515 99.2196097625 7.75284632136
92.9171668667 98.7938214537 29.3404883784
91.9967987195 99.5451129131 1.06860632184
92.2569027611 99.5243685718 5.13182428076
92.2569027611 99.5243685718 5.13182428076
93.4773909564 99.0247337647 27.4058875123
92.8971588635 98.5531698862 23.1710594315
92.2569027611 99.5903631352 2.75766077293
92.2569027611 99.4364601052 5.98822821989
92.2569027611 99.4364601052 5.98822821989
93.7575030012 98.8965525216 31.1192214112
92.7771108443 98.6136413765 23.6822016107
93.2773109244 98.5332472236 28.1252751716
93.2773109244 98.5332472236 28.1252751716
94.5578231293 98.2269610711 50.4138204138
92.2969187675 99.8700454841 2.57518821423
92.2969187675 99.8700454841 2.57518821423
93.7174869948 99.1763918018 29.2291154266
91.5766306523 99.6304302905 3.95366138673
93.737494998 99.1961541992 30.616466116
93.737494998 99.1961541992 30.616466116
92.1768707483 99.5679713071 3.75927160945
94.0976390556 99.2866035041 29.6001748061
91.5566226491 100.0 0.0
92.2168867547 99.4801940545 4.95626187116
92.2168867547 99.4801940545 4.95626187116
93.4173669468 99.0461699919 26.2524613588
93.3973589436 98.9390515808 25.1505795903
92.2969187675 99.3516466552 4.07909292035
91.9567827131 98.1084200459 21.8851641015
91.9567827131 98.1084200459 21.8851641015
93.537414966 99.0902145345 28.2204848993
93.6974789916 98.9346317813 33.0028155644
93.7575030012 99.2219142984 26.0722232792
93.7575030012 99.2219142984 26.0722232792
95.1780712285 98.7217475402 52.4669881381
92.2769107643 99.8700454841 2.57083129545
92.2769107643 99.8700454841 2.57083129545
93.43737495 98.8499735356 27.9403963177
92.3769507803 99.6136379159 2.32259570495
93.4773909564 98.8494145725 30.281108903
93.4773909564 98.8494145725 30.281108903
93.3973589436 99.059418222 29.7851364374
92.0368147259 99.6752318866 1.8137254902
92.0768307323 98.6839582957 13.9738542406
92.0768307323 98.6839582957 13.9738542406
94.0976390556 98.7703163529 35.6291787459
92.6570628251 98.6996824681 20.3964624344
92.9971988796 98.3377264834 33.5042349682
92.9971988796 98.3377264834 33.5042349682
95.3981592637 98.6397952298 54.5533539052
91.9767907163 99.4787546434 2.9859029859
91.9767907163 99.4787546434 2.9859029859
93.8175270108 99.1313540319 30.4807181889
92.1368547419 99.2196770244 7.0875517684
93.93757503 98.8757910661 32.6918647971
93.93757503 98.8757910661 32.6918647971
93.2172869148 99.0433426587 25.3791887125
92.9371748699 98.9373391946 23.4224506758
92.9371748699 98.9373391946 23.4224506758
94.8379351741 98.467862382 47.7738463807
92.4169667867 99.1582241636 7.67640733713
92.4169667867 99.1582241636 7.67640733713
93.93757503 99.0484929036 29.8718273042
92.3369347739 98.26554228 20.1021748119
93.4973989596 99.1122226791 25.1221904156
93.4973989596 99.1122226791 25.1221904156
92.9171668667 98.5964548573 21.3601484105
92.9171668667 98.5964548573 21.3601484105
95.1980792317 98.2749525187 55.2331475315
92.9771908764 98.2898402539 28.7598587599
94.7178871549 98.4330424016 53.042518507
94.7178871549 98.4330424016 53.042518507
92.2769107643 99.8698763826 2.56030192577
93.9775910364 99.2202425906 31.4027154936
93.9775910364 99.2202425906 31.4027154936
93.3573429372 98.9569502193 27.9110580176
92.3769507803 100.0 0.0
92.1768707483 100.0 0.0
92.4169667867 100.0 0.0
92.2569027611 100.0 0.0
91.9567827131 100.0 0.0
92.5170068027 99.7837919469 0.250626566416
91.9767907163 99.3508555705 2.94164668265
93.1972789116 98.9141809293 26.8563970652
92.3369347739 99.9782135076 0.245098039216
92.1768707483 99.7609591119 1.01211499753
92.1768707483 99.7609591119 1.01211499753
93.43737495 99.0031414086 26.5103215719
92.6370548219 100.0 0.0
92.9571828731 100.0 0.0
93.0172068828 100.0 0.0
92.2969187675 100.0 0.0
91.9167667067 99.8263799845 0.472813238771
92.0768307323 99.6958888528 2.69980506823
93.1972789116 98.9141809293 26.8563970652
92.1568627451 100.0 0.0
92.8571428571 99.7838515066 2.74719088473
92.8571428571 99.7838515066 2.74719088473
93.5574229692 98.9033558981 22.2359492359
92.1568627451 99.9780845935 0.0
92.1568627451 99.9783690244 0.0
91.7767106843 100.0 0.0
92.1368547419 100.0 0.0
92.2368947579 99.6764926976 0.584795321637
92.8971588635 99.3489475713 15.5900963288
92.3969587835 99.784974601 0.0
92.8571428571 100.0 0.0
92.8571428571 100.0 0.0
93.2973189276 98.7906349292 25.4697361248
92.8571428571 100.0 0.0
92.3169267707 100.0 0.0
92.4369747899 99.9569336779 0.0
91.7166866747 99.2368614845 4.8872716895
93.1972789116 98.9141809293 26.8563970652
91.8967587035 100.0 0.0
92.8771508603 99.8055670332 2.74719088473
92.8771508603 99.8055670332 2.74719088473
94.037615046 99.1595051361 26.7028457653
92.3169267707 100.0 0.0
91.7767106843 99.8910529548 0.239808153477
92.1968787515 99.5696148053 3.9886039886
93.4573829532 99.3556554121 16.16252127
92.1568627451 100.0 0.0
92.8971588635 99.7838839493 2.72658475783
92.8971588635 99.7838839493 2.72658475783
93.7775110044 99.0519882557 24.5886752137
92.4569827931 99.8489450793 0.830952380952
93.1572629052 100.0 0.0
93.4773909564 99.4998733672 23.8627363034
91.8567426971 100.0 0.0
92.1768707483 99.652914241 1.25012151259
92.1768707483 99.652914241 1.25012151259
93.5974389756 98.9773496736 31.9587922119
92.2569027611 99.8264415454 1.00256294286
92.8371348539 98.9786238342 21.5222134592
92.5170068027 99.8913515863 0.0
91.9167667067 99.8041051873 2.95442255434
91.9167667067 99.8041051873 2.95442255434
94.5178071228 99.0754865093 34.8410584199
92.7971188475 99.0898773639 16.4007605962
92.0368147259 99.6308515666 2.60416666667
91.6566626651 98.9118765441 7.88127853881
91.6566626651 98.9118765441 7.88127853881
93.2973189276 99.1084155243 26.1235710359
93.4573829532 99.3307919876 16.2572131834
92.7370948379 98.996351622 22.1640727984
92.7370948379 98.996351622 22.1640727984
94.8779511805 98.1156354341 55.4988027628
91.9167667067 99.9783268314 0.0
91.9167667067 99.9783268314 0.0
93.3173269308 98.9098499691 30.6420929585
92.8571428571 99.7838515066 2.74719088473
93.7775110044 99.1166999438 23.7765879953
93.7775110044 99.1166999438 23.7765879953
92.3569427771 100.0 0.0
92.2569027611 100.0 0.0
92.2969187675 99.9782844734 0.0
92.0168067227 99.9563699825 0.0
91.7967186875 99.6749559984 0.228310502283
92.2769107643 99.7610949193 1.03758219219
93.2773109244 98.7924288085 21.5725217594
91.9367747099 99.9779977998 0.220750551876
92.1568627451 99.7394120315 1.01211499753
92.1568627451 99.7394120315 1.01211499753
93.43737495 99.0031414086 26.5103215719
91.5566226491 99.8691081584 0.0
92.3769507803 100.0 0.0
92.8171268507 99.8708010336 0.0
93.037214886 99.9785775493 0.30303030303
91.6766706683 99.4795456184 1.47567567568
92.8571428571 99.0236418805 16.715590684
92.7971188475 99.827509646 0.3003003003
91.7967186875 99.6958678357 0.250626566416
91.7967186875 99.6958678357 0.250626566416
94.0776310524 99.0744832006 28.2006446031
92.3169267707 100.0 0.0
92.0168067227 99.9563699825 0.0
92.1968787515 99.8495297298 0.491498165917
92.7370948379 99.8062387773 2.4882024882
92.5770308123 98.7793403391 22.7652336608
91.9367747099 100.0 0.0
92.0168067227 99.4811414356 2.40697851432
92.0168067227 99.4811414356 2.40697851432
93.3573429372 99.1116356431 24.2002828248
91.9567827131 100.0 0.0
92.3369347739 100.0 0.0
91.1764705882 98.8686078808 4.9321889216
92.9771908764 98.9405680606 19.1077513177
92.1968787515 100.0 0.0
92.2368947579 99.8045177367 1.27226463104
92.2368947579 99.8045177367 1.27226463104
93.3573429372 99.1115176046 24.742294036
92.6370548219 99.9571550985 0.0
92.1368547419 99.9566536628 0.0
93.8775510204 99.4412753662 21.2117829655
91.9367747099 100.0 0.0
92.1168467387 99.9564838249 0.245098039216
92.1168467387 99.9564838249 0.245098039216
93.6574629852 99.2161423764 29.9870003476
92.5570228091 99.6768041443 4.45238050249
93.3573429372 98.9015628009 22.786299081
92.2769107643 99.935191186 0.542005420054
92.2569027611 99.9131516989 1.54462635267
92.2569027611 99.9131516989 1.54462635267
93.6574629852 99.1307735439 30.0762200301
92.8571428571 99.3268415348 18.8120949441
91.7967186875 99.5631403995 5.53911905767
91.2364945978 99.3192797541 3.82882882883
91.2364945978 99.3192797541 3.82882882883
93.3973589436 99.0818666594 30.943916835
93.737494998 98.9404639992 29.5862248213
93.3573429372 98.6810536934 27.0365896612
93.3573429372 98.6810536934 27.0365896612
94.9179671869 98.7681753493 47.3957081102
92.1968787515 99.803793329 1.94647201946
92.1968787515 99.803793329 1.94647201946
93.2973189276 98.9325585243 29.2013258385
92.0968387355 99.6311287575 2.31790615188
93.43737495 99.0031414086 26.5103215719
93.43737495 99.0031414086 26.5103215719
91.7567026811 99.978340914 0.0
92.1168467387 99.9780412824 0.0
92.1768707483 100.0 0.0
91.9967987195 99.8482445257 0.517293233083
91.7166866747 99.6746909564 0.258397932817
93.0972388956 99.2648728756 18.9429012346
92.6570628251 100.0 0.0
92.6370548219 100.0 0.0
92.6370548219 100.0 0.0
93.637454982 98.784407567 31.7145897448
92.8571428571 100.0 0.0
92.3169267707 100.0 0.0
92.3169267707 100.0 0.0
92.2569027611 99.4139817051 3.5811546841
92.6970788315 98.7574393317 24.3856040311
91.8967587035 100.0 0.0
92.1768707483 98.8936902436 12.3152006173
92.1768707483 98.8936902436 12.3152006173
94.0776310524 99.3528129857 25.1413001869
92.4169667867 100.0 0.0
92.4369747899 99.9351070733 0.79173126615
92.2569027611 99.6754502147 2.11307272956
93.2773109244 98.6591760371 26.4672574932
91.9367747099 100.0 0.0
92.8571428571 99.7838515066 2.74719088473
92.8571428571 99.7838515066 2.74719088473
93.8575430172 98.9871226588 26.485042735
92.2969187675 99.8914179315 1.08401084011
92.1968787515 99.9567099567 0.26455026455
93.43737495 99.4375564549 18.6746225219
91.9967987195 100.0 0.0
92.2769107643 99.9349933828 0.0
92.2769107643 99.9349933828 0.0
93.9975990396 99.1552511138 32.4075779566
91.7166866747 98.9770475824 8.1274846968
92.9171668667 98.7620107219 24.2496771237
93.0772308924 99.9148029819 0.0
92.2168867547 99.8702682146 1.33458646617
92.2168867547 99.8702682146 1.33458646617
93.8975590236 99.1595298986 26.6299409294
93.3573429372 99.1157749525 22.2879675067
91.8367346939 99.760817569 1.25313283208
91.6166466587 98.3473926387 13.8168069747
91.6166466587 98.3473926387 13.8168069747
93.6174469788 99.1327114831 26.6795359032
93.737494998 98.9404639992 29.5862248213
93.1972789116 98.5908549425 28.7026136096
93.1972789116 98.5908549425 28.7026136096
94.8579431773 98.5734804302 49.5684881519
92.0368147259 99.9567099567 0.0
92.0368147259 99.9567099567 0.0
93.8175270108 98.9134252307 34.1367528293
92.8971588635 99.7838839493 2.72658475783
93.8975590236 99.0301004046 27.0733409894
93.8975590236 99.0301004046 27.0733409894
91.7767106843 100.0 0.0
92.1568627451 100.0 0.0
91.8767507003 99.8691238427 0.0
91.9567827131 99.6100472182 1.78684376977
93.0972388956 99.1569274577 17.9159028519
93.0772308924 99.9569614805 0.0
92.5970388155 99.8704663212 0.819672131148
92.5970388155 99.8704663212 0.819672131148
93.737494998 99.2835557829 28.3646315307
92.9771908764 100.0 0.0
92.7971188475 99.9786050492 0.0
92.1368547419 99.6545768566 1.36612021858
93.1572629052 99.2672967641 16.4968563183
93.0972388956 99.9565972222 0.0
92.5970388155 99.9568221071 0.0
92.5970388155 99.9568221071 0.0
93.7174869948 98.9211336564 29.8331005525
92.0968387355 99.6761658031 0.546448087432
91.6366546619 99.8483863981 0.0
93.637454982 99.3334987144 22.1667165594
92.4169667867 100.0 0.0
91.6966786715 99.8913087121 0.248756218905
91.6966786715 99.8913087121 0.248756218905
93.8575430172 99.1390826838 24.3825290572
91.4565826331 99.2827292701 4.05594405594
92.2569027611 98.5421070695 20.5956260876
92.7771108443 99.956681828 0.0
92.3569427771 99.9347684279 0.0
92.3569427771 99.9347684279 0.0
94.037615046 99.07559473 26.7163156994
93.337334934 99.4156761863 17.767372134
92.6370548219 99.9783549784 0.26455026455
92.6370548219 98.6854866156 18.2129769
92.6370548219 98.6854866156 18.2129769
93.6774709884 99.0881081429 30.6719060425
92.8971588635 98.7828333229 26.0814796574
92.8971588635 98.724496258 21.8014410976
92.8971588635 98.724496258 21.8014410976
94.4777911164 98.3035944102 50.6820192192
92.6570628251 100.0 0.0
92.6570628251 100.0 0.0
93.3173269308 99.0027477601 25.9570186262
92.4169667867 99.9782561426 0.271002710027
93.5974389756 98.9177021036 29.2803371859
93.5974389756 98.9177021036 29.2803371859
92.3169267707 100.0 0.0
92.8771508603 100.0 0.0
91.7967186875 99.8475910481 0.997747621973
93.137254902 99.1104087171 23.8525685689
92.3969587835 100.0 0.0
92.8971588635 99.8055670332 3.04217613547
92.8971588635 99.8055670332 3.04217613547
94.137655062 99.2884214854 26.8706793668
92.3969587835 99.8912807132 0.250626566416
92.3369347739 99.8917748918 0.793650793651
93.5574229692 99.4138968263 25.6351199162
92.0968387355 99.9783549784 0.0
92.2769107643 98.8475460583 12.8857568554
92.2769107643 98.8475460583 12.8857568554
93.9575830332 99.2419717995 29.928558836
91.8567426971 98.6919221203 12.5847694908
92.8971588635 99.1961213895 19.8384753735
91.6966786715 99.7821058907 0.252525252525
91.8367346939 98.914617103 10.704807004
91.8367346939 98.914617103 10.704807004
93.93757503 99.4602929734 26.4509097596
93.0572228892 99.2198565566 18.2113982114
91.4365746299 98.1580657314 13.5131776631
91.8567426971 98.9559384405 12.0319492438
91.8567426971 98.9559384405 12.0319492438
93.9575830332 99.1791581194 28.5074886799
93.43737495 98.8781094404 22.3837308203
93.4973989596 97.2450805344 49.0849126719
93.4973989596 97.2450805344 49.0849126719
95.4381752701 98.6201914006 54.4335767094
91.9167667067 99.9779977998 0.0
91.9167667067 99.9779977998 0.0
93.9175670268 99.1309533651 32.7009588581
93.0172068828 100.0 0.0
94.0776310524 99.3528129857 25.1413001869
94.0776310524 99.3528129857 25.1413001869
92.3369347739 100.0 0.0
92.5970388155 99.8709677419 0.287356321839
93.7174869948 99.2415386852 26.599016599
91.9367747099 100.0 0.0
92.3369347739 99.847594165 0.987654320988
92.3369347739 99.847594165 0.987654320988
94.1176470588 99.1561118535 32.8206589197
91.7166866747 98.9770475824 8.1274846968
93.637454982 98.8802286913 25.9557698584
92.6970788315 99.978397062 0.271002710027
92.5370148059 99.8265365197 2.08739495798
92.5370148059 99.8265365197 2.08739495798
93.8975590236 99.1595298986 26.6299409294
92.6970788315 98.8297408243 22.3508935656
92.2569027611 99.912568306 0.709219858156
91.7567026811 98.5420328818 15.5478766593
91.7567026811 98.5420328818 15.5478766593
93.4573829532 99.1952625506 27.4929509132
93.4173669468 98.8597598053 21.1725919986
93.0772308924 99.0424700983 25.1927723283
93.0772308924 99.0424700983 25.1927723283
94.7579031613 98.5734804302 48.3339202507
91.9367747099 100.0 0.0
91.9367747099 100.0 0.0
93.43737495 98.9108291348 31.2762586342
92.8571428571 99.7838515066 2.74719088473
93.8975590236 99.0298487114 26.9922763404
93.8975590236 99.0298487114 26.9922763404
91.8967587035 99.6095392464 0.759013282732
93.7775110044 99.4579964666 26.0139760056
92.3369347739 99.8917748918 1.0582010582
92.2569027611 99.8484285728 0.26455026455
92.2569027611 99.8484285728 0.26455026455
93.9975990396 99.2207703148 30.7678410117
93.9175670268 99.6540054389 23.732722759
91.8767507003 99.9346405229 0.490196078431
92.7571028411 99.9347684279 0.250626566416
92.7571028411 99.9347684279 0.250626566416
93.4773909564 99.0708502713 27.1325261654
93.7975190076 99.4185087878 21.4036109041
93.3173269308 99.1505049937 26.2865643314
93.3173269308 99.1505049937 26.2865643314
95.5582232893 99.0531349788 49.4189327648
92.1368547419 99.9349505242 0.47619047619
92.1368547419 99.9349505242 0.47619047619
93.4773909564 98.9098499691 32.4355786106
92.1568627451 99.8054033764 0.262467191601
93.9975990396 99.1338022945 31.7858478613
93.9975990396 99.1338022945 31.7858478613
92.4969987995 98.5407062641 24.3254817125
92.9371748699 99.632471346 4.61992043194
92.5370148059 98.4150044132 16.9479402204
92.5370148059 98.4150044132 16.9479402204
93.837535014 99.2224848524 25.121768197
93.1172468988 99.0232905663 25.1715087338
93.6574629852 99.0725039259 25.5027572222
93.6574629852 99.0725039259 25.5027572222
95.4581832733 98.5289762583 57.70467007
92.6370548219 99.8262160629 1.06666666667
92.6370548219 99.8262160629 1.06666666667
93.8975590236 99.3302263669 25.3419337906
92.1168467387 99.6530595413 1.0296474359
93.8775510204 99.1381074479 26.6299409294
93.8775510204 99.1381074479 26.6299409294
93.337334934 99.3300526565 18.454188255
93.6974789916 98.4921721875 32.6494252874
93.6974789916 98.4921721875 32.6494252874
95.2581032413 99.053533964 45.5475247753
92.7370948379 98.6458283809 17.5517252502
92.7370948379 98.6458283809 17.5517252502
94.3577430972 99.1795288378 32.5254472303
92.0768307323 98.7594404368 16.7290124092
93.6174469788 99.2188847518 27.6769230769
93.6174469788 99.2188847518 27.6769230769
93.5574229692 98.8568481947 25.7726198697
93.5574229692 98.8568481947 25.7726198697
95.2781112445 98.2916549899 58.1983105913
93.3173269308 98.8717810687 25.8591558592
95.0380152061 98.5856635659 55.0612287042
95.0380152061 98.5856635659 55.0612287042
92.4969987995 99.7185694559 4.38633164709
93.8175270108 98.9134252307 34.1367528293
93.8175270108 98.9134252307 34.1367528293
93.8575430172 99.0087958274 26.2672397047
92.9771908764 100.0 0.0
91.7767106843 99.870382372 0.0
91.8567426971 99.956794124 0.0
92.2569027611 100.0 0.0
92.3169267707 100.0 0.0
91.9767907163 99.1535025674 6.55170856517
93.1172468988 98.867840883 28.1191625156
92.4169667867 100.0 0.0
92.4169667867 99.9569892473 0.0
92.4169667867 99.9569892473 0.0
94.337735094 99.1565776415 34.914408936
92.3769507803 100.0 0.0
92.0368147259 100.0 0.0
91.7767106843 100.0 0.0
92.2769107643 99.8916742672 0.0
92.3569427771 99.6559899136 1.17217823319
92.8171268507 98.9771897958 22.6956505045
92.0968387355 100.0 0.0
92.9971988796 99.9783830523 0.537634408602
92.9971988796 99.9783830523 0.537634408602
93.43737495 99.0032690107 28.0028218081
92.6170468187 100.0 0.0
92.1568627451 100.0 0.0
92.8371348539 99.8491979345 0.564971751412
92.2969187675 99.4791517054 5.38019925945
93.0572228892 99.0057401858 21.335016335
92.1568627451 100.0 0.0
92.1768707483 99.5204628539 8.97585069911
92.1768707483 99.5204628539 8.97585069911
94.0976390556 99.0681936819 34.6935025943
92.3169267707 99.9782135076 0.0
92.7971188475 99.8703232548 0.0
91.6766706683 99.5193091985 4.83957518736
93.7975190076 98.8405061074 25.5856771071
92.1768707483 100.0 0.0
92.1168467387 100.0 0.0
92.1168467387 100.0 0.0
94.2176870748 99.0943310387 31.0530050617
91.9367747099 99.7391236005 0.794905577514
92.7170868347 99.8499186968 0.294985250737
93.4173669468 99.4371152248 19.968051356
91.9967987195 100.0 0.0
92.2569027611 99.8691803568 0.959232613909
92.2569027611 99.8691803568 0.959232613909
93.6974789916 99.0718381916 26.2087587928
92.2368947579 99.0257946474 10.9727092581
92.9571828731 99.0575381702 27.1194849515
91.9567827131 99.9560825648 0.0
91.9167667067 99.5646188089 2.42218099361
91.9167667067 99.5646188089 2.42218099361
93.4973989596 99.1099603013 27.359561558
92.9771908764 99.0021701334 19.6876546877
91.9767907163 99.3747304873 3.05555555556
92.5570228091 98.8521338119 18.1333246126
92.5570228091 98.8521338119 18.1333246126
92.9571828731 98.9169184079 20.9271806141
92.8571428571 99.1088929827 18.3518454903
93.1172468988 98.7215442022 28.5794978988
93.1172468988 98.7215442022 28.5794978988
95.0380152061 98.2984253863 51.7824962051
92.1168467387 99.9143101971 0.30303030303
92.1168467387 99.9143101971 0.30303030303
92.8771508603 99.0394259709 23.3415654689
92.0168067227 100.0 0.0
93.237294918 99.0866384526 24.7611111111
93.237294918 99.0866384526 24.7611111111
92.0368147259 100.0 0.0
91.9767907163 99.8911896381 0.491891891892
91.7567026811 99.9563985175 0.0
91.7366946779 99.9345118903 0.0
91.6366546619 99.6522649464 0.754746342982
92.7971188475 98.6811492902 21.694407017
92.1768707483 100.0 0.0
92.2969187675 99.8477929985 0.250626566416
92.2969187675 99.8477929985 0.250626566416
93.137254902 98.9930139155 30.4729463562
92.5770308123 100.0 0.0
92.3369347739 100.0 0.0
92.1568627451 99.9348345448 1.22265243383
92.1568627451 99.7189796801 1.0752688172
93.2973189276 99.0669043641 26.5677042023
92.2368947579 100.0 0.0
92.2969187675 100.0 0.0
92.2969187675 100.0 0.0
93.837535014 99.1814221042 25.2570226515
91.2765106042 100.0 0.0
92.3169267707 100.0 0.0
92.3369347739 99.9132784472 0.784387946081
93.2773109244 98.7468670776 25.5677070593
92.2168867547 100.0 0.0
92.5770308123 100.0 0.0
92.5770308123 100.0 0.0
94.5778311325 99.1383740295 35.2951004963
92.2168867547 99.8907103825 0.0
92.6770708283 100.0 0.0
93.2773109244 99.3892264818 24.4181868436
92.1768707483 100.0 0.0
91.8767507003 100.0 0.0
91.8767507003 100.0 0.0
93.7775110044 98.9608034834 29.8235814365
92.3769507803 99.09026918 12.132129548
93.0972388956 98.875711934 22.6937368796
92.2569027611 99.8901340365 0.223713646532
92.3969587835 100.0 1.08953247251
92.3969587835 100.0 1.08953247251
93.7775110044 98.8271656065 34.3075385622
93.1172468988 99.4799154111 17.5984764028
92.3569427771 99.2867807097 7.87216458972
92.4369747899 98.5271125092 18.8664146402
92.4369747899 98.5271125092 18.8664146402
93.2573029212 99.1335414968 22.4204002978
92.3769507803 99.2604682395 13.1875125611
93.1972789116 98.3100158429 31.203016203
93.1972789116 98.3100158429 31.203016203
95.1180472189 98.2122240384 54.0616984843
92.2168867547 100.0 0.0
92.2168867547 100.0 0.0
93.8175270108 99.2633961453 29.6329176157
92.2569027611 100.0 0.0
93.9575830332 98.9845663697 31.0431240289
93.9575830332 98.9845663697 31.0431240289
92.1768707483 100.0 0.0
91.5566226491 99.9780845935 0.0
92.4769907963 99.9782844734 0.0
92.6170468187 99.9781992588 0.243309002433
93.4573829532 99.1340192969 24.174427205
92.1168467387 99.935191186 0.271002710027
92.3769507803 99.6764996528 1.95091554022
92.3769507803 99.6764996528 1.95091554022
93.5174069628 99.2827526434 25.7309537797
92.6770708283 99.978425027 0.0
92.3369347739 99.9569058393 0.0
92.4769907963 99.6751832046 1.56784936197
93.1972789116 99.1317128331 22.5269929423
92.4569827931 99.9346400213 0.0
92.8971588635 99.7204964735 0.588754020127
92.8971588635 99.7204964735 0.588754020127
93.7975190076 98.9364179453 33.2061825236
93.037214886 100.0 0.0
91.6966786715 99.8683439773 0.220750551876
93.8575430172 99.6095422263 25.4727139496
93.1172468988 100.0 0.0
92.8571428571 99.892250408 0.282485875706
92.8571428571 99.892250408 0.282485875706
93.5574229692 99.106950936 31.2479823001
91.4565826331 99.2609285289 4.29925305838
93.3173269308 99.5022613628 18.0886969071
92.6770708283 99.8707175178 0.0
91.7567026811 99.5646330818 1.24506908163
91.7567026811 99.5646330818 1.24506908163
93.4173669468 98.9210050153 25.2626400671
93.0772308924 98.7181218889 26.4432859057
92.4169667867 99.7845598223 1.2932950343
91.7366946779 97.8130190491 25.5837360561
91.7366946779 97.8130190491 25.5837360561
93.5574229692 98.8126467128 26.8280482441
93.1772709084 98.576318734 26.1552482605
93.537414966 99.4809862022 17.7874753681
93.537414966 99.4809862022 17.7874753681
94.6778711485 98.2636053326 52.5416728865
91.8767507003 99.9346405229 0.490196078431
91.8767507003 99.9346405229 0.490196078431
93.7975190076 98.9399577976 31.0174334937
92.1168467387 99.8057132377 1.63526170799
93.7775110044 98.9177021036 31.5887758612
93.7775110044 98.9177021036 31.5887758612
92.6370548219 100.0 0.0
92.1568627451 99.9348345448 1.22265243383
92.3369347739 100.0 0.0
93.3173269308 99.0269530455 22.4987949332
92.3169267707 100.0 0.0
92.3569427771 100.0 0.0
92.3569427771 100.0 0.0
93.2973189276 99.1046207152 27.4516893326
92.7971188475 99.8274370239 0.595238095238
92.6170468187 100.0 0.0
93.5174069628 99.3492835557 25.3546089843
91.9367747099 100.0 0.0
92.0768307323 99.9134453796 0.248756218905
92.0768307323 99.9134453796 0.248756218905
93.3973589436 99.0640156315 28.780474104
92.3569427771 99.0036958352 13.027032583
93.2573029212 98.8114570824 22.3200403629
92.1568627451 99.7632730679 0.547772988506
92.0368147259 99.3499890584 6.64130210714
92.0368147259 99.3499890584 6.64130210714
93.4973989596 99.0453265994 26.9263944796
93.4173669468 99.0709248223 19.5972728714
92.3769507803 98.29165808 17.9166788982
92.8171268507 99.1330606823 17.8186614591
92.8171268507 99.1330606823 17.8186614591
93.7975190076 99.3318790542 21.8494196323
93.0572228892 99.1490675003 24.4385397259
93.5774309724 96.8584047611 53.48001848
93.5774309724 96.8584047611 53.48001848
94.8379351741 98.5034837351 50.3454814711
92.1768707483 100.0 0.0
92.1768707483 100.0 0.0
93.7174869948 99.4374190197 26.0835243188
92.7571028411 100.0 0.0
93.4573829532 99.1527851776 26.7169327181
93.4573829532 99.1527851776 26.7169327181
92.3569427771 99.7623557197 0.851227167017
91.7366946779 100.0 0.0
93.237294918 99.3892264818 23.9053663307
92.1768707483 100.0 0.0
92.0568227291 100.0 0.0
92.0568227291 100.0 0.0
93.737494998 99.0499621961 27.6622718053
92.3769507803 99.09026918 12.132129548
92.7370948379 98.94728275 25.7221003427
92.5370148059 99.8917748918 0.529100529101
92.3969587835 100.0 1.08953247251
92.3969587835 100.0 1.08953247251
93.5174069628 99.1322453304 26.1849373552
93.8575430172 99.3967891432 20.9025568517
92.5370148059 99.7846683893 2.54237288136
92.5570228091 98.2023077579 24.3366025601
92.5570228091 98.2023077579 24.3366025601
93.3573429372 99.264712478 22.1367521368
92.9371748699 99.3281296954 14.0169693661
93.1772709084 99.0670793495 23.438234085
93.1772709084 99.0670793495 23.438234085
95.3581432573 98.5339396397 54.7007662835
91.8767507003 100.0 0.0
91.8767507003 100.0 0.0
93.8175270108 99.2627808481 29.4809786976
92.1768707483 100.0 0.0
93.537414966 99.0233967357 29.1039383031
93.537414966 99.0233967357 29.1039383031
92.3369347739 99.8704636587 2.08611511496
94.3777511004 99.6563514097 26.4074276205
91.7767106843 99.9780557384 0.0
92.1568627451 99.8047418064 2.69783012019
92.1568627451 99.8047418064 2.69783012019
93.5174069628 99.0671845229 26.8786194318
93.1972789116 99.3013095102 24.4105328061
92.3569427771 99.8265849014 1.02564102564
92.1768707483 98.9000787181 11.3539769277
92.1768707483 98.9000787181 11.3539769277
93.3973589436 98.9369733134 27.9936733821
93.93757503 99.2449856319 26.4343604108
93.537414966 99.5204541886 25.854326657
93.537414966 99.5204541886 25.854326657
95.4581832733 98.9583067117 54.9591661153
91.8567426971 99.826376452 1.036001036
91.8567426971 99.826376452 1.036001036
93.4173669468 99.0444659939 25.4735831839
92.0568227291 100.0 0.0
93.6974789916 99.0428310194 31.1406564812
93.6974789916 99.0428310194 31.1406564812
93.9975990396 99.1829621702 26.5836928864
92.2168867547 99.588856611 5.21585779383
92.0968387355 99.2857205996 6.1477672841
92.0968387355 99.2857205996 6.1477672841
94.1176470588 98.7703163529 35.8689868993
92.9771908764 98.6045553772 29.8566439246
93.4973989596 98.9833126088 25.9847482196
93.4973989596 98.9833126088 25.9847482196
95.6382553021 98.7948054853 55.1158809664
92.3169267707 99.9568500539 0.515290247141
92.3169267707 99.9568500539 0.515290247141
93.8975590236 99.2423772893 29.114493551
92.3969587835 100.0 1.08953247251
93.537414966 99.1322453304 26.4213439745
93.537414966 99.1322453304 26.4213439745
93.037214886 99.220016618 17.3449131514
94.0576230492 98.7422719968 35.5473109459
94.0576230492 98.7422719968 35.5473109459
94.6978791517 98.846254327 49.4509936766
92.4169667867 99.1013652966 7.0885041622
92.4169667867 99.1013652966 7.0885041622
93.6974789916 99.219186246 28.8950833515
92.4369747899 98.5271125092 18.8664146402
92.7771108443 99.1084601719 20.7912141632
92.7771108443 99.1084601719 20.7912141632
92.7971188475 99.1575411862 15.9951784894
92.7971188475 99.1575411862 15.9951784894
94.8779511805 98.7255737458 47.9481764207
92.3769507803 98.4130492782 21.0439645769
94.6978791517 99.0254237884 42.8350244527
94.6978791517 99.0254237884 42.8350244527
92.1368547419 100.0 0.0
93.4573829532 98.9570789793 27.6604389762
93.4573829532 98.9570789793 27.6604389762
94.3577430972 99.0969683104 30.8195902049
92.3569427771 99.9782561426 0.0
92.6570628251 100.0 0.0
92.8971588635 99.9136997825 0.0
91.7366946779 99.5863232327 0.77841203944
92.5970388155 99.9566254609 0.0
93.1572629052 99.0734375901 18.0874716595
91.7967186875 100.0 0.0
91.8967587035 99.7620592689 1.06666666667
91.8967587035 99.7620592689 1.06666666667
93.0172068828 99.060800746 25.6705971455
92.1568627451 100.0 0.0
92.5370148059 100.0 0.0
92.3169267707 100.0 0.0
92.0968387355 99.0897710019 9.28204912582
92.8971588635 98.8752550748 19.1557526525
92.7971188475 100.0 0.0
92.1968787515 99.9130245706 0.751879699248
92.1968787515 99.9130245706 0.751879699248
92.9571828731 98.8671219101 27.0707974793
92.3569427771 100.0 0.0
92.1168467387 100.0 0.0
92.0168067227 99.2614472997 5.73203643403
93.0172068828 98.7227688646 24.1188991189
92.2368947579 100.0 0.0
92.6970788315 100.0 0.0
92.6970788315 100.0 0.0
93.7174869948 98.9799204942 32.1957556333
91.9367747099 99.7391236005 0.794905577514
92.4369747899 99.9779832673 0.0
93.4973989596 99.1079498721 28.2985589991
92.3769507803 100.0 0.0
92.3369347739 100.0 0.0
92.3369347739 100.0 0.0
93.8975590236 99.045033834 30.8567773223
92.2368947579 99.0257946474 10.9727092581
92.8571428571 98.9387342779 19.8892220556
92.3369347739 99.9565406345 0.252525252525
92.3369347739 99.9348109518 1.08953247251
92.3369347739 99.9348109518 1.08953247251
93.637454982 99.0024541449 29.4057597249
93.0772308924 98.8946586655 22.3360723361
92.3769507803 99.5241900436 5.1114594218
92.5570228091 98.8521338119 18.1333246126
92.5570228091 98.8521338119 18.1333246126
92.7771108443 99.2420291366 15.2720095176
93.4773909564 98.7465868077 28.1480178966
92.8971588635 98.3302331623 30.030163467
92.8971588635 98.3302331623 30.030163467
95.0780312125 98.4795583316 55.8335853042
92.1368547419 99.9143101971 0.30303030303
92.1368547419 99.9143101971 0.30303030303
92.8371348539 98.9323748271 24.9711364011
92.5370148059 100.0 0.0
93.8575430172 99.0053418982 30.9026980314
93.8575430172 99.0053418982 30.9026980314
92.7771108443 99.9354004628 0.0
91.7767106843 99.9782986111 0.0
92.0968387355 99.9127399651 0.0
92.7771108443 99.6340463429 2.54651863454
93.2573029212 99.0950125631 19.2089031912
91.9967987195 99.8913367111 0.0
92.6170468187 99.9352331606 0.273224043716
92.6170468187 99.9352331606 0.273224043716
93.3973589436 99.1304814876 25.9076063954
91.9967987195 99.9560825648 0.0
92.7370948379 99.8486813662 0.806451612903
92.3969587835 99.7396618739 1.30629013601
93.1972789116 98.7267333157 22.8220548224
91.5766306523 99.7174061829 0.515176830966
92.0168067227 99.8264428985 1.0199513382
92.0168067227 99.8264428985 1.0199513382
93.0172068828 99.060800746 25.6705971455
91.6966786715 99.8697916667 0.25641025641
92.9971988796 99.6131342266 6.07348737474
93.3773509404 99.3072115953 20.8078150759
91.6966786715 99.9133636561 0.0
91.5366146459 99.9561691869 0.0
91.5366146459 99.9561691869 0.0
93.3973589436 98.8041071319 31.2097045408
92.0168067227 98.8980657215 7.26854557322
92.8771508603 98.8901906858 23.5510417644
92.5170068027 99.9785223368 0.0
92.2969187675 99.761869344 2.22222222222
92.2969187675 99.761869344 2.22222222222
94.0176070428 99.3302439441 26.6337545422
93.3973589436 99.5468362472 14.8888216138
91.8167266907 100.0 0.243309002433
91.6966786715 97.8884509891 21.4424464424
91.6966786715 97.8884509891 21.4424464424
93.537414966 99.0916233884 26.5047022481
93.1772709084 98.8570581757 21.8714873152
92.9971988796 99.1973537225 19.317968298
92.9971988796 99.1973537225 19.317968298
94.6378551421 98.6641496461 45.5176875848
92.1968787515 99.7197067702 1.38888888889
92.1968787515 99.7197067702 1.38888888889
93.237294918 99.0833666799 28.3762649376
91.8967587035 99.7620592689 1.06666666667
93.0172068828 99.060800746 25.6705971455
93.0172068828 99.060800746 25.6705971455
92.7971188475 100.0 0.0
92.3169267707 100.0 0.0
92.0968387355 99.0897710019 9.28204912582
92.9171668667 98.918208176 19.1329381604
92.2168867547 100.0 0.0
92.5970388155 99.8270907963 3.23691460055
92.5970388155 99.8270907963 3.23691460055
93.6174469788 99.3706553416 26.5144468755
92.0568227291 99.8909460217 0.542380324989
92.4169667867 100.0 0.0
93.9575830332 99.4361163119 27.4501850008
92.2368947579 100.0 0.0
92.1968787515 99.8909105582 0.479616306954
92.1968787515 99.8909105582 0.479616306954
92.9371748699 98.8176586231 30.2393473349
91.4765906363 98.2398546849 14.9469720968
93.2973189276 98.8340230007 23.6805543498
91.9567827131 99.9782135076 0.245098039216
92.0968387355 99.3895170311 4.16339937617
92.0968387355 99.3895170311 4.16339937617
94.1176470588 99.2211571567 30.7653228706
93.3973589436 99.5027742438 18.4436993146
92.0968387355 99.4584341208 7.05796749939
92.8171268507 99.1330606823 17.8186614591
92.8171268507 99.1330606823 17.8186614591
93.0772308924 99.1578982941 17.3972186605
93.0772308924 98.9187793846 21.3839989602
93.1972789116 97.4004869278 42.6478666911
93.1972789116 97.4004869278 42.6478666911
94.6778711485 98.7872390174 44.7516747517
91.5766306523 99.8901340365 2.4976768377
91.5766306523 99.8901340365 2.4976768377
93.1572629052 99.2365510499 22.7802140478
92.1368547419 98.8716747052 11.8636245058
93.837535014 99.3070497207 27.4252873563
93.837535014 99.3070497207 27.4252873563
91.9367747099 99.7391236005 0.794905577514
92.4369747899 99.9345549738 0.48309178744
93.137254902 99.0193626215 26.5212061602
92.1368547419 100.0 0.0
92.6770708283 100.0 0.0
92.6770708283 100.0 0.0
93.8775510204 99.045033834 30.5694210005
92.2368947579 99.0257946474 10.9727092581
93.637454982 99.1351234959 25.9847482196
92.3169267707 99.9785499785 0.0
92.3969587835 100.0 1.08953247251
92.3969587835 100.0 1.08953247251
93.6774709884 98.9355286622 31.9137694604
92.4769907963 99.1476869104 17.0951333078
92.2969187675 99.695585997 2.50626566416
92.5570228091 98.8521338119 18.1333246126
92.5570228091 98.8521338119 18.1333246126
93.2573029212 99.1121518957 22.5450586226
92.4969987995 98.9352952299 18.1209807867
92.8171268507 98.5954932557 20.8125846883
92.8171268507 98.5954932557 20.8125846883
94.2176870748 98.6833660749 39.3782107394
92.2168867547 100.0 0.0
92.2168867547 100.0 0.0
93.3773509404 98.9548314475 27.6708378614
92.0968387355 100.0 0.0
93.5174069628 98.928483561 34.1167360952
93.5174069628 98.928483561 34.1167360952
92.3369347739 99.9570169783 1.02106624405
93.9575830332 99.2429695227 28.9027541438
92.1168467387 99.7194350199 0.547772988506
92.3369347739 99.9348109518 1.08953247251
92.3369347739 99.9348109518 1.08953247251
94.0176070428 99.0703080811 31.3543560912
93.93757503 99.6540054389 23.9501979334
92.4769907963 99.8916889164 0.808080808081
92.3369347739 99.2065555889 7.44047619048
92.3369347739 99.2065555889 7.44047619048
93.037214886 98.9112064984 25.1029810298
93.637454982 99.5222351663 25.3761777098
94.1176470588 99.0740118008 29.9427941989
94.1176470588 99.0740118008 29.9427941989
95.3181272509 98.7462663082 52.5419207317
92.1168467387 99.8926229275 0.30303030303
92.1168467387 99.8926229275 0.30303030303
93.8775510204 99.2409239728 30.295220805
92.1368547419 100.0 0.0
93.6174469788 99.0017211461 29.9558683206
93.6174469788 99.0017211461 29.9558683206
93.7575030012 99.393742204 27.5099372103
92.1168467387 99.6960347837 3.07796631704
92.1568627451 99.4791441973 4.40863684931
92.1568627451 99.4791441973 4.40863684931
94.0776310524 98.8576335326 34.4301379785
93.1572629052 98.9392338039 22.4759860204
93.4173669468 99.0306826865 20.4458736995
93.4173669468 99.0306826865 20.4458736995
94.6178471389 98.4666528651 52.843879497
92.1768707483 99.8266146511 0.0
92.1768707483 99.8266146511 0.0
93.6574629852 99.0853927423 32.0998195784
92.3369347739 99.9348109518 1.08953247251
93.637454982 99.0024541449 29.4057597249
93.637454982 99.0024541449 29.4057597249
92.8571428571 98.7891716969 20.2748648539
93.137254902 98.3724032228 29.0977790978
93.137254902 98.3724032228 29.0977790978
94.7378951581 98.4200469544 49.383088918
92.3169267707 99.3308811943 6.8870523416
92.3169267707 99.3308811943 6.8870523416
93.9975990396 99.1779664348 30.3678102065
92.5570228091 98.8521338119 18.1333246126
92.8771508603 98.8679642107 24.6025335229
92.8771508603 98.8679642107 24.6025335229
93.537414966 98.8754011946 26.6236670107
93.537414966 98.8754011946 26.6236670107
94.6778711485 97.8958030595 56.7009540847
92.8371348539 98.6509961686 27.1495995918
94.7779111645 98.4414870437 50.2335858586
94.7779111645 98.4414870437 50.2335858586
92.0168067227 100.0 0.0
93.8775510204 99.2410548978 30.1376727408
93.8775510204 99.2410548978 30.1376727408
93.5774309724 99.0048224438 27.7283176594
92.1368547419 100.0 0.0
92.9171668667 99.9785637728 0.0
92.3769507803 100.0 0.0
92.3569427771 100.0 0.0
93.2773109244 98.7460029493 25.2295636564
92.6370548219 100.0 0.0
91.7567026811 99.3510707333 4.26666666667
91.7567026811 99.3510707333 4.26666666667
93.4773909564 98.8779505284 27.2856000914
92.7971188475 100.0 0.0
91.8967587035 99.8039027257 0.236406619385
91.6366546619 99.6522649464 0.754746342982
93.1772709084 98.8056799912 25.882000882
92.3569427771 100.0 0.0
91.6966786715 99.8691955526 0.2331002331
91.6966786715 99.8691955526 0.2331002331
93.537414966 99.1328127448 27.9171166339
92.1568627451 99.9133777204 0.0
92.9971988796 99.6131342266 6.07348737474
93.5974389756 99.4807047783 24.4461783238
92.0368147259 99.978397062 0.0
91.7166866747 99.9126074897 0.248756218905
91.7166866747 99.9126074897 0.248756218905
93.4573829532 98.9567970425 30.1171171171
92.1568627451 99.48108085 2.68817204301
92.6370548219 99.1737949327 17.2216335853
92.5170068027 99.9785223368 0.0
92.1568627451 99.8911386893 0.246913580247
92.1568627451 99.8911386893 0.246913580247
93.4173669468 98.9210050153 25.2626400671
93.0772308924 98.8701445093 24.6812208103
92.3169267707 99.8051219659 1.5643303425
91.9167667067 98.1005006433 22.8922578708
91.9167667067 98.1005006433 22.8922578708
93.5974389756 99.0701126803 26.3547073791
92.8171268507 98.7595738365 25.7611669376
93.037214886 98.7061671946 23.765866838
93.037214886 98.7061671946 23.765866838
94.2777110844 97.9286475517 54.3715056873
91.4165666267 99.6091468073 0.0
91.4165666267 99.6091468073 0.0
94.137655062 99.1177554772 28.0024678849
92.6770708283 99.9353587589 0.560224089636
93.4173669468 99.0464625269 27.330166047
93.4173669468 99.0464625269 27.330166047
92.3969587835 100.0 0.0
92.3169267707 100.0 0.0
92.3369347739 100.0 0.0
93.037214886 98.8331410327 21.0225625512
91.9967987195 100.0 0.0
92.5570228091 100.0 0.0
92.5570228091 100.0 0.0
93.837535014 98.8946023343 32.4838416944
92.3169267707 100.0 0.0
91.8567426971 99.3049041845 4.07124681934
93.4173669468 99.5451539951 18.7976106581
91.9367747099 100.0 0.0
93.0972388956 100.0 0.0
93.0972388956 100.0 0.0
93.5774309724 99.1087081833 29.7657258808
92.3569427771 99.0036958352 13.027032583
92.9771908764 98.8599083507 29.3075809065
92.2569027611 99.9141999142 0.0
92.0568227291 99.3499890584 6.89382735967
92.0568227291 99.3499890584 6.89382735967
93.3773509404 99.1763828736 24.056696929
93.137254902 99.0066097338 20.9876492042
92.5170068027 98.7893975846 15.2733686067
92.8171268507 99.1330606823 17.8186614591
92.8171268507 99.1330606823 17.8186614591
93.6974789916 99.2209454188 24.6731606312
92.6970788315 99.2218449991 13.8075553124
93.2573029212 97.4680867327 41.865103328
93.2573029212 97.4680867327 41.865103328
94.2577030812 98.5614416806 45.7291533784
91.8767507003 100.0 0.0
91.8767507003 100.0 0.0
93.1172468988 99.2579400178 23.3967270459
92.4969987995 100.0 0.0
93.637454982 98.8914520784 32.4522874527
93.637454982 98.8914520784 32.4522874527
92.5770308123 99.806288308 0.934579439252
92.3569427771 99.9140339566 0.0
93.6974789916 99.2617183923 26.7970651266
92.1368547419 100.0 0.0
92.1568627451 100.0 0.0
92.1568627451 100.0 0.0
93.637454982 98.9158007031 30.8173690039
92.3769507803 99.09026918 12.132129548
92.9571828731 98.9251196294 28.3869603246
92.2969187675 99.9568221071 0.0
92.3969587835 100.0 1.08953247251
92.3969587835 100.0 1.08953247251
93.6174469788 99.0241838277 28.916827853
93.1772709084 98.6130255733 27.3308899458
92.2569027611 99.9783268314 0.0
92.3369347739 98.0246086317 25.1071226453
92.3369347739 98.0246086317 25.1071226453
93.637454982 99.3737151225 21.9092596356
92.6170468187 98.9786646202 19.009152957
92.7170868347 98.8884435333 23.2511587362
92.7170868347 98.8884435333 23.2511587362
94.9979991997 98.3075589595 55.7744910941
91.9367747099 100.0 0.0
91.9367747099 100.0 0.0
93.2773109244 99.0000603849 25.0462962963
92.3369347739 100.0 0.0
93.5774309724 99.1297084653 29.8108108108
93.5774309724 99.1297084653 29.8108108108
92.3569427771 100.0 0.731211171587
93.8775510204 99.2429695227 27.8187433037
92.0768307323 99.9780989926 0.0
92.3969587835 100.0 1.08953247251
92.3969587835 100.0 1.08953247251
93.5774309724 99.0024541449 28.6165275527
94.0176070428 99.5029540097 26.0117677476
92.2769107643 99.8263308649 1.00529100529
92.4569827931 98.2449108696 22.6371584699
92.4569827931 98.2449108696 22.6371584699
93.2573029212 99.2182388146 23.395222646
93.6574629852 99.5658223999 25.1587733782
93.6174469788 98.9377192408 28.925023925
93.6174469788 98.9377192408 28.925023925
95.1780712285 98.8531463672 49.9791532561
92.0968387355 99.9127399651 0.48309178744
92.0968387355 99.9127399651 0.48309178744
93.8775510204 99.2409239728 30.295220805
92.5970388155 100.0 0.0
92.9971988796 98.9747890966 26.6133875226
92.9971988796 98.9747890966 26.6133875226
93.43737495 98.8732697248 27.3458892135
92.1768707483 99.2845711055 7.93428599203
92.1568627451 99.4791441973 4.40863684931
92.1568627451 99.4791441973 4.40863684931
94.1776710684 99.2416682362 31.8323356601
93.1772709084 99.369835942 21.759435243
92.9771908764 98.7710981506 30.0982922528
92.9771908764 98.7710981506 30.0982922528
94.3177270908 98.3301239761 46.3458655288
91.8367346939 99.8691465892 2.69632864635
91.8367346939 99.8691465892 2.69632864635
93.93757503 99.1994040007 29.6833602738
92.3969587835 100.0 1.08953247251
93.637454982 99.0241838277 29.1532344724
93.637454982 99.0241838277 29.1532344724
93.0972388956 98.9617884254 21.4622414622
92.9771908764 97.037543582 42.9472647135
92.9771908764 97.037543582 42.9472647135
94.7779111645 98.4603639141 50.6784481756
92.2769107643 99.4785133022 4.53146374829
92.2769107643 99.4785133022 4.53146374829
93.6574629852 98.852804595 30.2096688034
92.7170868347 98.742432941 20.9442446043
93.5974389756 99.3709639372 26.2785901762
93.5974389756 99.3709639372 26.2785901762
92.8771508603 98.7458830543 20.9206834627
92.8771508603 98.7458830543 20.9206834627
94.7178871549 99.3075986455 39.2380823513
92.6970788315 98.401175135 22.7763742798
95.0980392157 98.5231610077 55.5751873714
95.0980392157 98.5231610077 55.5751873714
92.2368947579 100.0 0.0
93.8575430172 99.2407641153 30.2226054919
93.8575430172 99.2407641153 30.2226054919
93.93757503 99.1542147178 31.5843137255
92.6570628251 100.0 0.0
91.7967186875 100.0 0.0
91.8167266907 99.0241689332 7.21469136103
93.5974389756 98.9662178094 23.0810147233
92.5970388155 99.956681828 0.0
92.6570628251 100.0 0.0
92.6570628251 100.0 0.0
93.7975190076 99.3278035686 28.1852268466
92.1968787515 99.8706055122 0.280112044818
92.4169667867 100.0 0.0
93.7775110044 99.5034785577 22.3791348601
92.0368147259 100.0 0.0
91.7567026811 99.3718865064 6.56167979003
91.7567026811 99.3718865064 6.56167979003
93.3573429372 99.1308280731 26.8576576577
93.0772308924 99.8282318754 1.82332192136
93.137254902 99.1777607542 17.9368471035
92.7170868347 99.8700454841 0.262467191601
92.2168867547 99.3768246883 3.80116959064
92.2168867547 99.3768246883 3.80116959064
93.637454982 99.1346408123 25.841051052
92.9771908764 99.1315669694 20.4836899461
92.3769507803 100.0 0.0
91.8167266907 98.9650391962 5.51538444835
91.8167266907 98.9650391962 5.51538444835
93.4973989596 99.1971012971 27.5929834966
93.0572228892 99.0641488981 24.4955296081
93.2172869148 97.1656366827 46.5528146743
93.2172869148 97.1656366827 46.5528146743
95.2781112445 98.7510702816 50.0123869689
91.4765906363 98.9599680147 8.66141732283
91.4765906363 98.9599680147 8.66141732283
93.537414966 99.0223519752 29.9428297434
92.1768707483 98.8377826626 8.79379208034
93.337334934 99.282244902 24.6828828829
93.337334934 99.282244902 24.6828828829
92.3769507803 99.7621633216 1.14774114774
92.9971988796 99.6131342266 6.07348737474
93.93757503 99.6759666991 22.3791348601
92.0768307323 99.9783690244 0.0
91.7567026811 99.9782419495 0.0
91.7567026811 99.9782419495 0.0
93.4573829532 98.9567970425 30.1171171171
92.2368947579 99.4578306117 3.41843324743
93.4573829532 99.3736973326 16.9877097879
92.6370548219 100.0 0.0
92.2368947579 100.0 0.0
92.2368947579 100.0 0.0
93.5974389756 98.9385885496 29.6365500741
93.1172468988 98.9133784047 24.6812208103
91.7767106843 100.0 0.0
91.7767106843 99.2203572905 3.41415656376
91.7767106843 99.2203572905 3.41415656376
93.8575430172 99.1344732864 29.5576339222
92.8371348539 98.7825611626 25.2858901748
93.3773509404 98.9226748767 22.3775269543
93.3773509404 98.9226748767 22.3775269543
94.2977190876 98.2372682908 51.5428528586
92.1968787515 99.7197067702 1.38888888889
92.1968787515 99.7197067702 1.38888888889
93.7174869948 98.8047121226 34.6540109138
92.1768707483 100.0 0.0
93.537414966 99.1328127448 27.9171166339
93.537414966 99.1328127448 27.9171166339
92.2969187675 99.8260965636 0.719424460432
93.837535014 99.3726136588 26.4858555667
91.8367346939 99.6525680935 1.19625304396
92.6570628251 99.6115835431 2.80937105084
92.6570628251 99.6115835431 2.80937105084
93.6574629852 98.9425064835 25.1306848293
93.4573829532 99.4373634435 20.8965520642
92.3569427771 99.9782561426 0.0
91.6366546619 97.7141590501 22.6679366385
91.6366546619 97.7141590501 22.6679366385
93.3973589436 98.8242321209 31.7734825088
93.7775110044 99.3755107352 24.2960548224
93.8775510204 99.6095422263 25.7393806163
93.8775510204 99.6095422263 25.7393806163
95.1380552221 98.7901257105 50.8155569377
91.7967186875 100.0 0.0
91.7967186875 100.0 0.0
93.4573829532 98.8924801061 29.4480098794
92.3369347739 99.9565122853 0.0
93.4773909564 98.8340361265 27.7984206042
93.4773909564 98.8340361265 27.7984206042
93.2973189276 98.5919429837 29.5345839346
92.4569827931 99.5895298419 2.1705323025
91.5766306523 98.3690346099 15.7095945417
91.5766306523 98.3690346099 15.7095945417
93.7575030012 99.0442248989 32.1478001573
92.9571828731 99.134827786 17.6627687314
92.5970388155 97.7324882787 34.7952432438
92.5970388155 97.7324882787 34.7952432438
94.9179671869 98.4914339842 48.9533406925
91.7767106843 99.6527196362 1.28611698379
91.7767106843 99.6527196362 1.28611698379
93.93757503 99.096294016 26.152847763
92.1568627451 99.8911386893 0.246913580247
93.9975990396 99.0540615689 26.4385379216
93.9975990396 99.0540615689 26.4385379216
93.0572228892 98.8786411669 19.8646979768
93.4973989596 98.2462593477 33.2144245501
93.4973989596 98.2462593477 33.2144245501
94.8779511805 98.8723914972 47.9714709822
92.4569827931 98.3392246642 18.1501178793
92.4569827931 98.3392246642 18.1501178793
93.3973589436 99.2676051852 21.4442951134
91.6366546619 98.6591422603 6.69720356523
93.4173669468 98.9800857297 28.0142870713
93.4173669468 98.9800857297 28.0142870713
93.4773909564 98.4491026682 28.9729133136
93.4773909564 98.4491026682 28.9729133136
94.9579831933 98.7446210613 49.0224223049
93.1772709084 99.0019124929 23.9209533727
94.8579431773 98.510676945 49.0312213039
94.8579431773 98.510676945 49.0312213039
92.3769507803 100.0 0.0
93.3973589436 98.8259364268 30.9698963873
93.3973589436 98.8259364268 30.9698963873
93.7575030012 99.1720566028 33.3891033891
92.7971188475 99.7840624848 1.11203396087
92.1968787515 99.8698763826 0.516795865633
93.4173669468 99.5451539951 18.7976106581
92.2168867547 100.0 0.0
92.5770308123 100.0 0.0
92.5770308123 100.0 0.0
93.5774309724 99.0872075948 29.4295961543
92.3569427771 99.0036958352 13.027032583
92.8971588635 98.5044792605 25.3964684325
92.2569027611 99.9141999142 0.0
91.6766706683 98.8565898103 8.55802927231
91.6766706683 98.8565898103 8.55802927231
93.7775110044 99.1306194631 30.8290088104
93.4573829532 99.0069845992 21.2039532794
92.7571028411 99.9567882435 0.0
92.3969587835 99.0903372934 11.6375412697
92.3969587835 99.0903372934 11.6375412697
93.6974789916 99.2209454188 24.6731606312
93.6974789916 98.9887864729 22.9622853108
93.537414966 97.0541631541 50.6010956011
93.537414966 97.0541631541 50.6010956011
95.0180072029 98.6658564294 46.5960093813
92.3769507803 100.0 0.0
92.3769507803 100.0 0.0
93.7575030012 99.328034356 27.7633006631
92.4169667867 100.0 0.0
93.43737495 99.1500324215 29.2182070994
93.43737495 99.1500324215 29.2182070994
92.3769507803 99.5483118594 7.08603145236
93.5974389756 99.3505002259 22.4402515331
92.2969187675 99.8916193586 0.250626566416
92.3169267707 99.3011876518 7.72561730009
92.3169267707 99.3011876518 7.72561730009
93.3973589436 99.0894641427 25.287666777
93.5974389756 99.3912590626 23.8858014602
92.5370148059 99.2619105584 9.70982142857
92.0768307323 97.7176489956 27.1268098167
92.0768307323 97.7176489956 27.1268098167
93.8775510204 99.2651568001 27.012668389
93.6174469788 99.3276159801 24.7029538666
94.0976390556 97.293182114 55.4062304062
94.0976390556 97.293182114 55.4062304062
95.7182873149 98.8564892985 55.4227395787
92.1768707483 100.0 0.0
92.1768707483 100.0 0.0
93.6574629852 99.241430176 26.7965367965
92.7170868347 100.0 0.0
93.9175670268 99.2183730423 31.4871403107
93.9175670268 99.2183730423 31.4871403107
93.6974789916 99.0494749258 24.3693402961
91.7767106843 99.0693296494 6.43449419569
92.1168467387 99.1800197941 7.93088034574
92.1168467387 99.1800197941 7.93088034574
94.337735094 99.2445412303 32.9891286238
92.7170868347 98.8747165562 18.0413334858
93.4773909564 96.8263495435 51.4759311938
93.4773909564 96.8263495435 51.4759311938
94.6578631453 98.5320218616 52.6381181801
92.1368547419 99.2002112622 7.26414558009
92.1368547419 99.2002112622 7.26414558009
93.8175270108 99.2582780049 31.3126286814
92.0568227291 99.3499890584 6.89382735967
94.1176470588 99.2211571567 30.7653228706
94.1176470588 99.2211571567 30.7653228706
93.137254902 99.0049938075 21.4381914382
92.6170468187 97.5336702284 34.4227439118
92.6170468187 97.5336702284 34.4227439118
95.3381352541 99.009725244 46.6303115844
92.1968787515 98.982195746 12.0428189117
92.1968787515 98.982195746 12.0428189117
94.1576630652 99.3732965401 29.4303887327
92.8171268507 99.1330606823 17.8186614591
93.6174469788 99.4136505712 26.0823759492
93.6174469788 99.4136505712 26.0823759492
93.1772709084 97.8880745578 33.6937838063
93.1772709084 97.8880745578 33.6937838063
94.5378151261 98.4908817729 46.9220133342
93.5774309724 97.0327269269 51.501996502
94.6978791517 98.7432866561 45.465960466
94.6978791517 98.7432866561 45.465960466
92.1968787515 100.0 0.0
93.7575030012 99.349990182 27.7163752106
93.7575030012 99.349990182 27.7163752106
93.637454982 98.8914520784 32.4522874527
92.3569427771 100.0 0.731211171587
93.4773909564 99.4076707239 29.4374901421
92.3369347739 100.0 0.0
92.3969587835 100.0 1.08953247251
92.3969587835 100.0 1.08953247251
93.537414966 99.0897575982 27.1980878364
93.9575830332 99.4793233494 26.9488184943
91.7967186875 99.8913446375 0.0
92.4969987995 98.2235909277 23.4802957248
92.4969987995 98.2235909277 23.4802957248
93.6574629852 98.9819946095 29.4946116685
93.8175270108 99.2859280529 26.5309382051
94.0776310524 99.4174977417 25.9997125797
94.0776310524 99.4174977417 25.9997125797
94.9579831933 99.0019755145 46.8674336006
92.2368947579 99.8913515863 0.505050505051
92.2368947579 99.8913515863 0.505050505051
93.237294918 98.9559455545 26.11946533
92.7370948379 100.0 0.0
93.7174869948 99.0669772257 30.3775380248
93.7174869948 99.0669772257 30.3775380248
93.4573829532 99.1371316303 22.1713823519
92.1168467387 99.2647124832 4.78393192341
92.1168467387 98.8285261101 11.6437789682
92.1168467387 98.8285261101 11.6437789682
94.137655062 99.2416682362 31.3310825273
93.2172869148 99.0449496522 26.2213775002
93.6774709884 99.0690045134 28.5919085003
93.6774709884 99.0690045134 28.5919085003
94.3777511004 98.3736403737 46.5416009944
92.3169267707 99.8912916805 2.57760757761
92.3169267707 99.8912916805 2.57760757761
93.7975190076 99.0462549839 30.3748811296
92.3969587835 100.0 1.08953247251
93.5574229692 99.0897575982 27.4983881367
93.5574229692 99.0897575982 27.4983881367
93.3573429372 99.0478771106 20.8153228634
93.0772308924 96.9192398201 46.774511738
93.0772308924 96.9192398201 46.774511738
94.7579031613 98.5716761768 47.3720587809
92.5370148059 98.2271714636 21.7791565779
92.5370148059 98.2271714636 21.7791565779
94.1576630652 99.2026273219 28.8799028226
92.6370548219 98.6114571715 21.4238609113
93.5774309724 99.3709639372 26.0404949381
93.5774309724 99.3709639372 26.0404949381
93.4573829532 98.8327301086 26.1988304094
93.4573829532 98.8327301086 26.1988304094
94.8179271709 98.4397287415 51.3062638609
92.8971588635 98.2509057124 26.7880384484
94.7178871549 98.3452665892 53.7873382801
94.7178871549 98.3452665892 53.7873382801
92.0168067227 100.0 0.0
93.93757503 99.2638926188 30.3377757923
93.93757503 99.2638926188 30.3377757923
93.7775110044 99.1949796842 31.856426424
93.2573029212 99.2188931301 21.8101287456
92.2368947579 99.8483863981 0.524934383202
92.1568627451 97.755841479 27.3192085692
92.1568627451 97.755841479 27.3192085692
94.3777511004 99.1154391977 35.1922401611
93.9775910364 99.6108330572 24.4302429687
93.2573029212 99.3893915644 24.8576942156
93.2573029212 99.3893915644 24.8576942156
95.0980392157 98.9480835944 53.4176452876
91.8567426971 99.8474171416 2.71287258865
91.8567426971 99.8474171416 2.71287258865
93.3773509404 99.1699963389 30.5498020805
92.3969587835 100.0 1.08953247251
93.5174069628 99.0680279154 27.1980878364
93.5174069628 99.0680279154 27.1980878364
93.7575030012 99.5465817929 21.2607077585
93.837535014 98.4851731184 37.736311375
93.837535014 98.4851731184 37.736311375
95.2981192477 99.0680414619 50.0803662568
92.4169667867 98.7247832403 14.0713276836
92.4169667867 98.7247832403 14.0713276836
93.9975990396 99.1394795116 25.7368110816
92.5770308123 98.4997195866 23.8950075314
93.3773509404 99.1094712509 26.1194599494
93.3773509404 99.1094712509 26.1194599494
93.337334934 98.9600676439 25.16875
93.337334934 98.9600676439 25.16875
95.4581832733 99.005815015 50.3455053006
93.7775110044 99.1556191716 28.1298034052
95.1380552221 98.7222484001 51.5036256061
95.1380552221 98.7222484001 51.5036256061
91.8967587035 99.9124534909 0.4662004662
93.43737495 98.9570789793 27.4079137237
93.43737495 98.9570789793 27.4079137237
93.3973589436 99.2788903381 29.0068509529
93.1772709084 99.0030709343 23.3406269247
94.1776710684 99.4606221434 26.8815196177
94.1776710684 99.4606221434 26.8815196177
94.9179671869 98.6634749256 46.9167089801
91.8767507003 98.3754061016 14.3451888613
91.8767507003 98.3754061016 14.3451888613
94.0576230492 99.2438071371 29.3481595008
92.1568627451 99.4791441973 4.40863684931
93.8775510204 98.7898087809 33.0957300275
93.8775510204 98.7898087809 33.0957300275
93.0972388956 98.5316180921 24.7175141243
93.0972388956 98.5316180921 24.7175141243
94.6778711485 98.4234889378 46.3240010151
93.1172468988 98.3624754079 24.7068288671
94.6578631453 98.5553053473 52.4323568633
94.6578631453 98.5553053473 52.4323568633
93.037214886 99.9139229611 1.9943019943
94.0176070428 99.0249217013 33.5936285936
94.0176070428 99.0249217013 33.5936285936
93.5774309724 99.0897575982 27.7347947561
93.037214886 97.3730797549 41.8269230769
93.037214886 97.3730797549 41.8269230769
94.4977991196 98.4127932073 48.85567297
93.0772308924 98.7461510675 25.7783338666
94.7979191677 98.5689184654 49.9851356373
94.7979191677 98.5689184654 49.9851356373
92.3169267707 98.7676886627 13.7843956809
93.5774309724 99.033421364 24.7254982495
93.5774309724 99.033421364 24.7254982495
93.8975590236 98.942768804 29.0621643081
93.4573829532 98.3841682504 30.4850006552
94.43777511 98.1626761531 48.9030258543
94.43777511 98.1626761531 48.9030258543
95.2180872349 98.4927037279 52.3056761
93.8975590236 99.0467443659 31.7951233195
