1285 5198 0.247210465564
1278 5096 0.250784929356
1280 5266 0.243068742879
1376 6049 0.227475615804
1258 5096 0.246860282575
1726 7047 0.244926919256
1289 5247 0.24566418906
1032 4765 0.216579223505
1362 4150 0.328192771084
1353 5238 0.258304696449
907 4222 0.214827096163
1265 4222 0.299621032686
609 3081 0.197663096397
1510 5325 0.283568075117
1079 4244 0.25424128181
1569 6756 0.232238010657
1332 5173 0.257490817707
1575 6549 0.24049473202
1497 5312 0.281814759036
1416 5516 0.256707759246
1319 3498 0.377072612922
1476 5533 0.266763058016
1042 4978 0.209321012455
1402 4978 0.281639212535
1051 4248 0.247410546139
822 3318 0.24773960217
1653 7026 0.235269000854
1211 4330 0.279676674365
1512 5790 0.261139896373
909 3324 0.273465703971
1392 5280 0.263636363636
1342 3465 0.387301587302
1296 4928 0.262987012987
762 3251 0.23438941864
1084 3251 0.333435865887
651 3081 0.21129503408
1455 5314 0.273805043282
962 3755 0.256191744341
1525 4208 0.362404942966
1386 5303 0.261361493494
1285 4346 0.295674183157
1135 4382 0.259014148791
1261 5266 0.239460691227
1795 6202 0.289422766849
2223 6202 0.358432763625
930 4487 0.207265433474
1558 6658 0.234004205467
1492 7039 0.21196192641
1575 6059 0.25994388513
1360 6049 0.224830550504
1363 4928 0.276582792208
1598 7082 0.225642473877
1032 4912 0.21009771987
1391 4912 0.283184039088
1060 5047 0.210025757876
1318 5484 0.240335521517
1380 5330 0.258911819887
1439 5470 0.263071297989
1518 4348 0.349126034959
1280 4928 0.25974025974
827 3251 0.254383266687
971 3251 0.298677330052
616 3081 0.199935086011
1258 5266 0.238890998861
1057 4353 0.242821042959
1906 5006 0.38074310827
1229 5200 0.236346153846
1478 6940 0.212968299712
1922 6940 0.276945244957
1152 5079 0.226816302422
1140 5214 0.218642117376
1462 4837 0.30225346289
1312 5061 0.25923730488
1097 4535 0.241896361632
1332 4535 0.293715545755
1047 4358 0.240247820101
1642 4350 0.377471264368
1371 5257 0.260795130302
1202 5208 0.230798771121
1515 5208 0.290898617512
820 3434 0.238788584741
1623 4438 0.365705272645
1542 4520 0.341150442478
1885 4520 0.41703539823
1572 4158 0.378066378066
1186 5253 0.225775747192
1579 5253 0.300590138968
1098 4228 0.259697256386
725 3956 0.183265925177
389 3081 0.126257708536
606 3081 0.196689386563
1388 5309 0.261442832925
1288 5258 0.24496006086
1439 6089 0.236327804237
1310 5268 0.248671222475
1543 6332 0.243682880606
624 2561 0.243654822335
1457 4560 0.31951754386
1297 3549 0.365455057763
841 3540 0.237570621469
1092 4570 0.238949671772
1445 4570 0.316192560175
913 4187 0.21805588727
1391 5325 0.261220657277
1501 6478 0.231707317073
1271 5141 0.247228165727
1372 5197 0.26399846065
1391 5317 0.261613691932
1006 3317 0.303286101899
1391 3556 0.391169853768
1021 4098 0.249145924841
1000 4548 0.219876868953
1535 4548 0.337510993843
746 3424 0.217873831776
1281 5084 0.251966955153
1462 5325 0.27455399061
2026 6218 0.325828240592
1071 4285 0.249941656943
1258 4346 0.289461573861
1323 4474 0.295708538221
1404 5329 0.263464064552
1520 5251 0.289468672634
1782 5251 0.33936393068
1231 4226 0.291292001893
1278 5325 0.24
1599 7115 0.224736472242
1307 5152 0.253687888199
1257 5230 0.24034416826
1302 4841 0.268952695724
1394 5983 0.232993481531
1181 5501 0.214688238502
1544 5501 0.280676240684
1123 5073 0.221368026809
1649 6510 0.253302611367
1391 5317 0.261613691932
1143 3317 0.344588483569
1388 3588 0.386845039019
1172 5153 0.227440326024
1010 4932 0.204785077048
1370 4932 0.277777777778
963 4223 0.228036940564
1273 5498 0.23153874136
861 4320 0.199305555556
1662 4371 0.380233356211
1333 5242 0.254292254865
876 4246 0.206311822892
1094 4246 0.257654262836
1008 4985 0.20220661986
1466 6126 0.239307868103
1446 4828 0.299502899751
1457 5325 0.273615023474
1278 5469 0.233680746023
1638 5469 0.299506308283
969 4298 0.225453699395
1547 4288 0.360774253731
1362 5293 0.257320989987
1131 4512 0.250664893617
1437 4512 0.318484042553
1213 4274 0.283809078147
1443 4224 0.341619318182
1560 5243 0.297539576578
2022 5243 0.385657066565
1587 4083 0.388684790595
1035 4983 0.207706201084
1443 4983 0.289584587598
973 4263 0.228243021346
1069 5322 0.200864336716
553 4201 0.131635324923
924 4201 0.219947631516
978 3583 0.272955623779
1399 5782 0.241957800069
1352 5140 0.263035019455
1649 7007 0.235336092479
1233 4385 0.281185860889
905 4357 0.207711728253
1609 4354 0.369545245751
1298 5268 0.246393318147
893 4244 0.21041470311
1415 4244 0.333411875589
921 3164 0.291087231353
1646 6497 0.253347698938
1175 4336 0.270987084871
2065 6218 0.332100353812
981 4267 0.229903913757
1612 5237 0.307809814779
1316 3599 0.36565712698
1141 4332 0.263388734995
1425 4420 0.322398190045
1672 4420 0.378280542986
726 3340 0.217365269461
1269 5276 0.240523123578
1109 5203 0.213146261772
1264 4988 0.253408179631
1386 7725 0.179417475728
1277 4793 0.266430210724
1237 5222 0.236882420529
1197 6078 0.196939782823
1659 6078 0.272951628825
753 3264 0.230698529412
1517 6557 0.231355802959
849 3275 0.259236641221
1374 5513 0.249229094867
1430 3621 0.394918530793
1221 5143 0.237410071942
1066 4996 0.213370696557
1404 4996 0.281024819856
1070 4265 0.250879249707
1254 5548 0.22602739726
1262 5154 0.244858362437
1599 4044 0.395400593472
1349 5151 0.261890894972
858 4196 0.204480457579
1053 4196 0.250953288847
851 4414 0.192795650204
1374 5266 0.260919103684
1431 4795 0.298435870699
1081 4337 0.249250634079
1072 4442 0.241332733003
1379 4442 0.31044574516
1031 4287 0.240494518311
1430 3682 0.388375882672
1375 5261 0.261357156434
1324 6291 0.210459386425
1587 6291 0.252265140677
824 4304 0.191449814126
1472 4291 0.343043579585
1493 5007 0.298182544438
1956 5007 0.39065308568
1542 4366 0.353183692167
918 4216 0.217741935484
1236 4216 0.293168880455
977 4338 0.225218994929
909 4938 0.184082624544
681 4160 0.163701923077
914 4160 0.219711538462
1809 6400 0.28265625
1150 4336 0.265221402214
1899 6322 0.3003796267
1188 4285 0.277246207701
1302 4549 0.286216750934
1564 4954 0.315704481227
1291 5096 0.253335949765
1121 4251 0.263702658198
1619 4251 0.380851564338
750 3327 0.225428313796
1252 5289 0.236717716014
1461 6242 0.234059596283
807 3384 0.238475177305
1226 7012 0.17484312607
1503 4091 0.367391835737
1220 5200 0.234615384615
927 5281 0.175534936565
1482 5281 0.280628668813
1305 5083 0.256738146764
1824 7591 0.24028454749
1261 4493 0.280658802582
735 2684 0.273845007452
1555 4527 0.343494588027
1298 5190 0.250096339114
939 4202 0.223465016659
1384 4202 0.32936696811
1091 4162 0.26213358962
1230 5431 0.226477628429
1312 5273 0.24881471648
2019 5347 0.377594913035
1360 5340 0.25468164794
835 4241 0.196887526527
1242 4241 0.292855458618
983 4989 0.197033473642
1391 6126 0.227064968985
1735 4749 0.365340071594
964 3523 0.273630428612
562 3252 0.172816728167
852 3252 0.261992619926
1079 4287 0.251691159319
1167 3467 0.336602249784
1288 5287 0.243616417628
1452 6291 0.230805913209
1941 6291 0.308536003815
685 3118 0.219692110327
1449 3506 0.413291500285
1433 5093 0.281366581583
2056 5093 0.403691341056
1564 4082 0.383145516903
1051 5108 0.205755677369
1664 5108 0.325763508222
1088 4171 0.260848717334
846 5006 0.168997203356
797 4698 0.169646658152
1211 4698 0.257769263516
1635 6467 0.252822019484
1907 6269 0.304195246451
1259 4429 0.284262813276
1771 7829 0.226210243965
1448 4231 0.342235878043
1533 5708 0.26857042747
1583 5863 0.269998294389
1977 5863 0.33719938598
713 3352 0.212708830549
1677 5275 0.317914691943
1113 4285 0.259743290548
1487 4414 0.336882646126
1272 3388 0.375442739079
925 3663 0.252525252525
1381 4680 0.295085470085
1693 4680 0.361752136752
987 3066 0.321917808219
1857 5324 0.348797896319
1498 4221 0.354892205638
1761 4505 0.39089900111
1444 3616 0.399336283186
1743 5570 0.312926391382
2158 5570 0.387432675045
1215 4129 0.294260111407
1218 4319 0.282009724473
1363 4414 0.308790212959
938 2973 0.315506222671
1471 5309 0.277076662272
1898 5309 0.35750612168
927 3345 0.277130044843
1838 5341 0.344130312676
1762 5268 0.334472285497
1632 6159 0.264978080857
1731 6159 0.28105211885
888 3280 0.270731707317
1249 4506 0.277185974257
1611 5408 0.297892011834
1999 5408 0.369637573964
1541 4339 0.355150956442
1218 4236 0.287535410765
1602 4236 0.378186968839
793 3198 0.247967479675
1249 4687 0.266481758054
640 4243 0.150836672166
934 4243 0.220127268442
1405 6580 0.213525835866
1348 5152 0.261645962733
1675 7063 0.237151352117
1457 3975 0.366540880503
1387 6450 0.21503875969
1232 5932 0.207687120701
1603 5932 0.270229265003
1245 5081 0.245030505806
1231 5371 0.229193818656
1909 8022 0.237970580903
1682 5122 0.328387348692
1352 7046 0.191881918819
1055 5466 0.193011342847
1332 5466 0.243688254665
955 5086 0.18777034998
916 6072 0.150856389987
1583 5002 0.316473410636
1491 6350 0.234803149606
1185 5760 0.205729166667
1503 5760 0.2609375
783 4096 0.191162109375
1228 3898 0.315033350436
1353 6049 0.223673334435
1230 6970 0.176470588235
1521 6970 0.218220946915
1266 5091 0.248674130819
1886 5094 0.370239497448
1497 5599 0.267369173067
1967 5599 0.351312734417
1439 4209 0.341886433832
984 5109 0.192601291838
1294 5109 0.253278528088
845 4285 0.197199533256
1065 6472 0.16455500618
790 5035 0.156901688183
1099 5035 0.218272095333
1335 5548 0.240627253064
1285 5139 0.250048647597
1660 5223 0.317825004787
1095 4315 0.253765932793
1086 5243 0.207133320618
1380 5243 0.263208086973
856 4337 0.197371454923
1528 6126 0.249428664708
1656 4750 0.348631578947
915 3475 0.263309352518
1022 4447 0.229817854734
1314 4447 0.295480098943
1040 4287 0.2425938885
1376 4265 0.322626025791
1368 5175 0.264347826087
1664 6286 0.264715240216
1912 6286 0.304167992364
810 3116 0.259948652118
1486 4296 0.345903165736
1492 4977 0.299778983323
1873 4977 0.376331123167
1590 4177 0.380655973186
1294 5329 0.242822293113
1681 5329 0.315443798086
864 3375 0.256
947 4928 0.192167207792
951 5076 0.187352245863
1275 5076 0.251182033097
827 4230 0.195508274232
1757 4235 0.414876033058
1430 6163 0.23202985559
1138 5529 0.205823837945
1384 5529 0.250316512932
758 4503 0.168332222962
1850 4610 0.401301518438
1092 4301 0.253894443153
1336 6958 0.192009198045
1787 6958 0.256826674332
728 4077 0.178562668629
1607 3801 0.422783478032
1674 5439 0.30777716492
2100 5439 0.3861003861
1664 4620 0.360173160173
1233 6139 0.200847043492
1573 6139 0.256230656459
746 4269 0.174748184587
962 5353 0.179712310854
365 3316 0.110072376357
543 3316 0.163751507841
1918 5229 0.366800535475
1115 5438 0.205038617139
1223 7003 0.17463944024
1589 7003 0.226902755962
1151 4356 0.264233241506
1524 3589 0.424630816383
1621 5194 0.312090874085
2045 5194 0.393723527147
1591 4192 0.379532442748
1268 5304 0.239064856712
1603 5304 0.302224736048
716 3567 0.200728903841
1038 4442 0.233678523188
416 3163 0.131520708188
621 3163 0.196332595637
1462 4290 0.340792540793
1455 5163 0.281812899477
1881 5163 0.364323067984
1476 4227 0.349183818311
1362 6072 0.224308300395
1692 6072 0.278656126482
1121 4146 0.270381090207
1119 5974 0.187311683964
589 3409 0.172777940745
732 3409 0.214725726019
1430 5178 0.276168404789
1893 5178 0.365585168019
1789 4125 0.433696969697
1364 4982 0.273785628262
1101 4082 0.269720725135
1565 4082 0.383390494855
1164 5328 0.218468468468
690 4171 0.165427954927
927 4171 0.222248861184
452 3370 0.13412462908
1690 7084 0.238565782044
1359 6986 0.194531920985
1804 8000 0.2255
1517 6900 0.219855072464
1514 7009 0.216007989727
1483 6677 0.222105736109
1247 5366 0.23238911666
1499 4929 0.304118482451
1357 6124 0.22158719791
1792 7962 0.225069078121
2465 7962 0.309595579
1461 5050 0.289306930693
1668 7371 0.226292226292
1865 8000 0.233125
1666 7568 0.220137420719
1975 8000 0.246875
1488 6459 0.230376219229
1450 6592 0.219963592233
1432 4929 0.290525461554
1472 7786 0.189057282302
1455 7115 0.204497540408
2232 7115 0.313703443429
1614 5001 0.322735452909
1690 7654 0.220799581918
1465 8000 0.183125
1681 5854 0.287154082679
2106 6901 0.30517316331
2141 6796 0.315038257799
1291 4908 0.2630399348
1502 7004 0.214448886351
1912 7135 0.267974772249
2370 7135 0.33216538192
1203 5019 0.239689181112
1747 7859 0.222292912584
1888 7777 0.242767133856
1626 7023 0.231524989321
1067 5753 0.185468451243
1382 4929 0.280381416109
1579 7740 0.204005167959
1605 7553 0.212498345028
2114 7553 0.279888785913
1087 5049 0.215290156467
1898 8000 0.23725
1197 5296 0.226019637462
1521 6626 0.229550256565
1587 5153 0.307975936348
1447 7786 0.185846390958
1453 7031 0.206656236666
2039 7031 0.290001422273
1147 5022 0.228395061728
969 4605 0.210423452769
1303 5848 0.22281121751
1938 5171 0.374782440534
1560 6218 0.250884528787
1603 7172 0.223508087005
2053 7172 0.286252091467
1054 5087 0.207194810301
1725 6953 0.248094347764
1397 4965 0.28136958711
1305 5723 0.228027258431
1455 6694 0.217358828802
1914 6694 0.285927696445
976 4217 0.231444154612
1559 4860 0.320781893004
1643 7018 0.234112282702
1381 6813 0.202700719213
1577 6813 0.231469249963
1176 5078 0.231587239071
1537 5098 0.301490780698
1515 4901 0.309120587635
2047 4901 0.417669863293
1540 4518 0.340858787074
1548 7143 0.216715665687
2141 7143 0.29973400532
1429 5012 0.285115722267
1401 7115 0.19690794097
634 5004 0.126698641087
1132 5004 0.22621902478
1904 8000 0.238
1698 7336 0.231461286805
1577 6815 0.231401320616
1673 6868 0.243593476995
1831 7630 0.23997378768
1554 7131 0.217921750105
1392 4802 0.289879216993
1843 8000 0.230375
1277 6198 0.206034204582
2029 6198 0.327363665699
1623 5050 0.321386138614
1611 6759 0.238348868176
1479 7371 0.200651200651
2247 7039 0.319221480324
1908 6631 0.287739405821
2448 8000 0.306
1392 4788 0.290726817043
1811 7499 0.241498866516
1765 6692 0.263747758518
2276 6692 0.340107591154
1462 4426 0.330320831451
1448 6788 0.213317619328
1809 7792 0.232161190965
1023 5002 0.204518192723
1611 7565 0.212954395241
1373 4986 0.275371038909
1827 8000 0.228375
1380 6703 0.20587796509
1839 6703 0.274354766522
1096 5041 0.217417179131
1622 7456 0.217542918455
2003 8000 0.250375
1627 5998 0.271257085695
1633 5004 0.326338928857
1637 8000 0.204625
1506 7031 0.214194282463
2109 7031 0.299957331816
1105 5050 0.218811881188
1493 6078 0.245640013162
1996 8000 0.2495
1732 5313 0.325992847732
1866 7301 0.255581427202
1466 6913 0.212064226819
1874 6913 0.271083465934
1043 5050 0.206534653465
1792 6066 0.2954170788
1651 4294 0.384489986027
1380 5783 0.238630468615
1459 6644 0.219596628537
1868 6644 0.281155930163
1235 4755 0.259726603575
1802 5131 0.351198596765
1485 5889 0.25216505349
1707 7735 0.220685197156
2079 7735 0.268778280543
1296 5032 0.257551669316
1501 4927 0.304647858738
1436 4910 0.292464358452
2028 4910 0.413034623218
1514 4130 0.366585956416
1785 7420 0.240566037736
2295 7420 0.309299191375
1489 4808 0.3096921797
1333 6992 0.190646453089
931 5050 0.184356435644
1311 5050 0.259603960396
1445 5582 0.258867789323
1877 7385 0.254163845633
2394 6385 0.374941268598
1257 4158 0.302308802309
2197 6879 0.319377816543
1757 5283 0.332576187772
1670 8003 0.208671748094
1751 7178 0.243939816105
2455 7178 0.342017275007
1907 5062 0.376728565784
1443 6628 0.217712733856
2036 7379 0.27591814609
2139 8000 0.267375
1747 7741 0.225681436507
1424 4986 0.285599679101
1781 8000 0.222625
1399 7299 0.191670091793
2151 7299 0.294697903822
1120 5030 0.222664015905
1666 6477 0.257217847769
949 3801 0.249671139174
1697 7098 0.239081431389
1492 4966 0.300443012485
1494 7308 0.204433497537
1461 6299 0.231941578028
2087 6299 0.331322432132
1390 5048 0.275356576862
1556 6306 0.246749127815
1367 6141 0.222602182055
1793 5239 0.342240885665
1989 7915 0.251295009476
1668 7881 0.211648267986
2617 7881 0.332064458825
941 4142 0.227184934814
1491 6325 0.235731225296
1275 4175 0.305389221557
1481 6322 0.234261309712
1247 6341 0.196656678757
2057 6341 0.324396782842
1311 5030 0.260636182903
1433 5347 0.268000748083
1136 5998 0.189396465488
1605 7724 0.207793889177
2114 7724 0.273692387364
1091 4181 0.260942358287
1448 4927 0.293890805764
1551 5220 0.297126436782
2261 5220 0.433141762452
1533 4285 0.357759626604
1746 8002 0.218195451137
2541 8002 0.317545613597
1510 5037 0.299781616041
1247 7170 0.173919107392
508 4708 0.10790144435
986 4708 0.20943075616
1171 5708 0.205150665732
1695 5275 0.321327014218
2023 6965 0.290452261307
1816 7430 0.244414535666
1621 5127 0.316169299785
1933 8000 0.241625
1846 6997 0.263827354581
2346 6997 0.335286551379
1555 5051 0.307859829737
2215 6943 0.319026357482
2081 7290 0.285459533608
1953 5904 0.330792682927
1297 4986 0.260128359406
1924 7188 0.267668336116
1873 6929 0.270313176505
2477 6929 0.357483042286
1581 5083 0.311036789298
2273 6228 0.364964675658
1938 5153 0.376091597128
1673 5251 0.318605979813
2147 7045 0.304755145493
1663 4762 0.34922301554
2008 4762 0.421671566569
1166 4158 0.280423280423
1782 6760 0.263609467456
1298 5014 0.258875149581
1900 6614 0.287269428485
2229 7742 0.287910100749
2803 7742 0.362051149574
1680 4946 0.339668418924
1448 5114 0.283144309738
1705 7212 0.236411536328
1964 7867 0.249650438541
2236 7867 0.284225244693
1699 5062 0.335638087712
1380 4905 0.281345565749
1626 4894 0.332243563547
2147 4894 0.43870044953
1508 4120 0.366019417476
1558 6454 0.241400681748
2006 6454 0.310814998451
1294 5011 0.258231889842
1707 6852 0.249124343257
685 4503 0.15212080835
801 4503 0.177881412392
1860 7379 0.252066675701
1297 6561 0.197683279988
1627 7005 0.232262669522
1367 4888 0.279664484452
1746 8000 0.21825
1550 7676 0.201928087546
2164 7676 0.281917665451
1030 5031 0.204730669847
1551 6824 0.227286049238
888 4128 0.21511627907
1503 5066 0.296683774181
1522 7030 0.216500711238
1227 6646 0.184622329221
1641 6646 0.246915437857
747 4145 0.180217129071
1144 6045 0.189247311828
1592 5196 0.306389530408
1289 6734 0.191416691417
1412 6568 0.214981729598
1735 6568 0.26415956151
1081 5029 0.214953271028
1497 5024 0.297969745223
1547 6654 0.232491734295
1428 7964 0.179306880964
1896 7964 0.238071320944
1360 5091 0.26713808682
1272 4117 0.308962837017
1421 6038 0.235342828751
1828 6038 0.30274925472
1373 4257 0.322527601597
1384 7232 0.191371681416
1880 7232 0.259955752212
1244 5096 0.244113029827
1198 6869 0.174406754986
656 5030 0.13041749503
926 5030 0.184095427435
1593 7110 0.224050632911
1790 7837 0.228403725916
1711 5206 0.328659239339
1963 7577 0.259073511944
1569 7031 0.223154601052
1979 7031 0.281467785521
871 4144 0.210183397683
1576 6325 0.249169960474
1441 5035 0.286196623635
1511 7099 0.212846879842
1214 5511 0.220286699329
1588 5511 0.288150970786
1186 5025 0.236019900498
1700 5491 0.30959752322
1413 6290 0.224642289348
1654 7726 0.214082319441
2016 7726 0.260937095522
1548 5018 0.308489438023
1582 5015 0.315453639083
1549 4190 0.36968973747
1850 4190 0.441527446301
1560 4285 0.364060676779
1232 6321 0.194905869324
1649 6321 0.260876443601
1218 4931 0.247008720341
1408 7115 0.197891777934
624 4782 0.130489335006
1077 4782 0.2252195734
1415 6318 0.223963279519
1988 5333 0.372773298331
1724 7338 0.234941400927
1352 6861 0.197055822766
1771 6861 0.258125637662
840 4569 0.183847669074
1743 5176 0.336746522411
1403 5120 0.2740234375
1707 7922 0.215475889927
2089 7922 0.263696036354
1187 5084 0.233477576711
2020 5362 0.376725102574
1692 5431 0.311544835205
2123 5431 0.390904069232
1736 4579 0.379122079057
1688 7292 0.231486560614
2207 7292 0.302660449808
771 4267 0.180689008671
1379 7184 0.191954342984
636 4144 0.153474903475
788 4144 0.190154440154
1873 5197 0.360400230902
1655 7265 0.227804542326
1554 7016 0.22149372862
1888 7016 0.269099201824
1497 5019 0.29826658697
1769 5259 0.336375736832
1450 5038 0.287812624057
2018 5038 0.400555776102
1687 4223 0.399479043334
1124 4875 0.230564102564
1407 4875 0.288615384615
1213 4096 0.296142578125
941 4857 0.193740992382
819 5030 0.16282306163
1125 5030 0.22365805169
1779 5028 0.353818615752
1808 5933 0.304736221136
2195 5933 0.369964604753
1475 4394 0.335685025034
1368 6693 0.204392649036
1697 6693 0.25354848349
1290 5046 0.25564803805
1501 7896 0.190096251266
1105 4986 0.221620537505
1371 4986 0.274969915764
1453 4906 0.296167957603
2043 4906 0.416428862617
1353 3433 0.394115933586
1337 4910 0.272301425662
1035 4103 0.252254447965
1466 4103 0.357299536924
1320 6707 0.196809303713
625 4037 0.154817934109
837 4037 0.207332177359
683 5050 0.135247524752
1695 7097 0.238833309849
1262 6195 0.203712671509
1456 6294 0.231331426756
1839 7288 0.252332601537
1519 6566 0.231343283582
1680 7588 0.221402214022
1521 4928 0.308644480519
1426 7432 0.191872981701
1183 6215 0.190345937249
1945 6215 0.312952534191
1725 5096 0.338500784929
1752 7654 0.22889992161
1503 6216 0.241795366795
2205 7083 0.311308767471
1405 6782 0.20716602772
1536 5125 0.299707317073
1587 4994 0.317781337605
1471 8000 0.183875
1910 7484 0.25521111705
2472 7484 0.33030464992
1289 5036 0.255957108817
1557 7788 0.199922958398
1836 7792 0.235626283368
1300 5940 0.218855218855
976 4840 0.201652892562
1426 5001 0.285142971406
1732 7356 0.235454051115
1372 6817 0.201261552002
1787 6817 0.26213877072
1222 5079 0.24059854302
1611 6679 0.24120377302
970 4234 0.229097779877
1633 7129 0.229064384907
1912 5203 0.367480299827
1640 8000 0.205
1542 7031 0.219314464514
2104 7031 0.29924619542
1484 5082 0.292011019284
1162 5497 0.211388029834
1013 4154 0.243861338469
1865 5478 0.340452719971
1590 6928 0.229503464203
1555 6954 0.223612309462
1907 6954 0.274230658614
807 4045 0.199505562423
1607 6452 0.249070055797
1726 5138 0.3359283768
1458 5964 0.244466800805
1443 6641 0.21728655323
1941 6641 0.29227525975
871 4122 0.211305191655
1558 4982 0.312725812927
1759 7296 0.241091008772
1618 7892 0.205017739483
1996 7892 0.252914343639
1427 4934 0.289217673287
1447 5008 0.288937699681
1744 4654 0.374731413838
2093 4654 0.449720670391
1464 3628 0.403528114664
1487 7000 0.212428571429
1950 7000 0.278571428571
1112 4976 0.22347266881
1340 6954 0.192694851884
858 4989 0.171978352375
1248 4989 0.250150330728
1913 7496 0.255202774813
1476 6216 0.237451737452
2517 7277 0.345884292978
1432 5192 0.275808936826
1686 6820 0.247214076246
1490 4943 0.301436374671
1557 8000 0.194625
1510 6645 0.227238525207
2383 6645 0.358615500376
1511 5062 0.298498617147
1306 6150 0.212357723577
1830 7272 0.251650165017
1367 5347 0.255657377969
1591 7249 0.219478548765
1403 4928 0.284699675325
1466 7855 0.186632718014
1433 7631 0.187786659678
2351 7631 0.308085440964
1096 5083 0.215620696439
1687 7441 0.226716839135
1566 6628 0.236270368135
1096 4100 0.267317073171
1497 5009 0.298862048313
1346 6933 0.194143949228
1263 6346 0.199023006618
1956 6346 0.308225653955
991 4095 0.242002442002
1538 6483 0.237235847601
1353 6048 0.22371031746
1791 5316 0.33690744921
1297 5669 0.228788146058
696 5118 0.135990621336
1409 5118 0.275302852677
1157 5073 0.228070175439
1540 6529 0.235870730587
1401 4117 0.340296332281
1293 6361 0.203269926112
1148 6015 0.190856192851
1849 6015 0.307398171239
1587 5039 0.314943441159
1754 5159 0.339988369839
1482 6445 0.229945694337
1466 6998 0.209488425264
1932 6998 0.27607887968
1539 5009 0.30724695548
1322 4927 0.268317434544
1479 5024 0.294386942675
2227 5024 0.443272292994
1585 3622 0.437603533959
1386 6717 0.206342117017
2068 6717 0.307875539675
1550 5081 0.305058059437
706 4788 0.147451963241
932 5081 0.183428458965
1401 5081 0.275733123401
1515 7339 0.206431393923
1926 7000 0.275142857143
1709 6564 0.260359536868
1877 7888 0.237956389452
1654 5208 0.317588325653
1584 6248 0.253521126761
1815 7177 0.252891180159
2259 7177 0.314755468859
1081 4264 0.25351782364
1920 6208 0.309278350515
1419 6782 0.209230315541
2080 7277 0.285832073657
1598 4884 0.327190827191
1752 6412 0.273237679351
1386 5141 0.2695973546
1748 5141 0.340011670881
1147 5085 0.225565388397
2574 7020 0.366666666667
1570 4433 0.354161967065
1583 5209 0.303897101171
1896 7000 0.270857142857
2088 6597 0.316507503411
2391 6597 0.362437471578
1613 5082 0.317394726486
1704 6758 0.252145605209
1344 4897 0.274453747192
1796 6120 0.293464052288
1362 5142 0.26487747958
1757 5142 0.341695838195
1347 5015 0.268594217348
1195 4916 0.243083807974
1958 6827 0.286802402226
2120 8008 0.264735264735
2550 8008 0.318431568432
1166 5065 0.230207305035
1462 5042 0.289964299881
1428 5122 0.278797344787
1872 5122 0.365482233503
1397 4098 0.340897999024
1439 6221 0.231313293683
1923 6221 0.309114290307
917 5078 0.180582906656
1531 6937 0.220700591034
664 4530 0.146578366446
838 4530 0.184988962472
1841 7777 0.236723672367
1355 5963 0.22723461345
1458 7741 0.188347758688
1380 4944 0.279126213592
1766 8000 0.22075
1431 7239 0.197679237464
2008 7239 0.277386379334
1251 5071 0.246696903964
1052 5123 0.205348428655
858 4145 0.206996381182
1689 4729 0.357157961514
1580 7420 0.212938005391
1096 6337 0.172952501184
1503 6337 0.237178475619
996 5079 0.196101594802
932 6072 0.1534914361
1536 5012 0.306464485235
1073 4630 0.231749460043
1242 5949 0.208774583964
1513 5949 0.254328458564
792 4007 0.197654105316
1298 4795 0.270698644421
1544 7432 0.207750269107
1448 7943 0.182298879517
1772 7943 0.223089512779
1089 5078 0.214454509649
1291 4926 0.262078765733
1373 5915 0.232121724429
1922 5915 0.32493660186
1255 4154 0.302118440058
1060 6198 0.171022910616
1517 6198 0.244756373024
1212 5067 0.239194789816
1296 7631 0.169833573581
785 5078 0.154588420638
1084 5078 0.213469870028
1180 5360 0.220149253731
1374 5608 0.245007132668
1691 5316 0.318096313017
1190 5669 0.209913565003
1199 6084 0.197074293228
1524 6084 0.250493096647
1104 5052 0.218527315914
1628 6529 0.249349058049
1669 5089 0.327962271566
1440 6208 0.231958762887
1108 6045 0.18329197684
1588 6045 0.262696443342
1207 4936 0.244529983793
2002 5079 0.394172081118
1632 6635 0.245968349661
1542 7452 0.20692431562
1831 7452 0.245705850778
1396 4969 0.280941839404
1194 4799 0.248801833715
1426 4982 0.286230429546
1920 4982 0.385387394621
1533 4226 0.362754377662
1295 6631 0.195294827326
1752 6631 0.264213542452
1119 4381 0.255421136727
1310 7031 0.186317735742
578 5079 0.113801929514
1113 5079 0.219137625517
1420 5503 0.258041068508
2075 5203 0.398808379781
1478 6488 0.227805178792
1178 5987 0.196759645899
1462 5987 0.244195757475
796 4406 0.180662732637
1745 5307 0.328811004334
1475 5184 0.284529320988
1667 7869 0.211843944593
1897 7869 0.241072563223
898 4025 0.223105590062
1711 5210 0.328406909789
1630 4369 0.373083085374
1963 4369 0.449301899748
1713 4528 0.378312720848
1244 6448 0.192928039702
1780 6448 0.276054590571
689 4102 0.167966845441
1295 6801 0.190413174533
625 4112 0.151994163424
779 4112 0.189445525292
1474 5379 0.274028629857
1775 7294 0.243350699205
1476 7693 0.191862732354
1799 7693 0.233848953594
1443 5081 0.283999212753
1771 5243 0.337783711615
1635 4551 0.359261700725
1918 4551 0.42144583608
1612 4239 0.38027836754
1247 5091 0.244942054606
1553 5091 0.305048124141
1239 5080 0.243897637795
1127 6015 0.187364921031
829 4936 0.167949756888
1115 4936 0.225891410049
1740 5137 0.338719096749
1437 4991 0.287918252855
1851 4991 0.370867561611
1607 4370 0.367734553776
1723 7530 0.228818061089
1991 7530 0.264409030544
1575 5098 0.30894468419
1343 6998 0.19191197485
965 4940 0.195344129555
1093 4940 0.221255060729
1286 4885 0.263254861822
1866 4885 0.38198567042
1572 4326 0.363384188627
1530 5364 0.285234899329
1105 4288 0.257695895522
1480 4288 0.345149253731
1306 7411 0.176224531102
735 5080 0.14468503937
1217 5080 0.239566929134
751 5081 0.147805550089
1925 7654 0.251502482362
1447 7037 0.205627398039
2533 7491 0.338139100254
1201 4222 0.284462340123
2292 8000 0.2865
1526 4984 0.306179775281
1547 7468 0.207150508838
1789 7201 0.248437716984
2543 7201 0.353145396473
1882 4984 0.377608346709
1004 4788 0.209690893901
1679 7417 0.226371848456
1517 5669 0.26759569589
1276 5736 0.222454672245
1625 5183 0.31352498553
1651 7031 0.234817237946
1393 7710 0.180674448768
2237 7710 0.290142671855
1111 5081 0.218657744538
1635 7319 0.223391173658
1070 4476 0.239052725648
1750 7261 0.241013634486
1570 5019 0.312811316995
1584 7588 0.208750658935
1419 7018 0.202194357367
2260 7018 0.322029068111
1105 4372 0.25274473925
1300 5497 0.236492632345
1415 6048 0.233961640212
1915 5325 0.359624413146
1733 7398 0.234252500676
1128 6351 0.177609825224
2048 6351 0.322468902535
1030 4754 0.216659655027
1546 6452 0.239615623063
1494 4114 0.363150218765
1784 7840 0.227551020408
1090 5176 0.210587326121
1761 5176 0.340224111283
1355 5020 0.269920318725
1410 4957 0.284446237644
1842 7707 0.239003503309
1587 7892 0.2010897111
2006 7892 0.254181449569
1490 4940 0.301619433198
1710 5099 0.335359874485
1622 4646 0.349117520448
2325 4646 0.50043047783
1646 4398 0.37426102774
1348 7000 0.192571428571
2106 7000 0.300857142857
1597 5082 0.314246359701
826 5221 0.158207239992
915 5081 0.180082660894
1470 5081 0.289313127337
1722 6957 0.247520482967
2063 6930 0.297691197691
2086 6634 0.314440759723
1710 6541 0.261427916221
1652 4494 0.367601246106
1724 7001 0.246250535638
1861 6997 0.265971130484
2321 6997 0.331713591539
1368 5000 0.2736
1940 6532 0.29699938763
2265 7865 0.28798474253
2017 6782 0.297404895311
1272 4907 0.259221520277
1651 6738 0.245028198278
1872 7201 0.259963893904
2377 7201 0.330093042633
1805 4984 0.362158908507
2261 6275 0.3603187251
1446 5138 0.281432463994
1676 5168 0.324303405573
1912 5278 0.362258431224
2382 7454 0.319559967803
2803 7454 0.376039710223
1547 5056 0.305973101266
1519 6120 0.248202614379
1350 5104 0.264498432602
1708 6123 0.278948227993
1983 7203 0.275301957518
2715 7203 0.376926280716
1334 4150 0.321445783133
1461 4963 0.294378400161
1545 7235 0.213545266068
1986 7884 0.251902587519
2189 7884 0.27765093861
1262 5090 0.247937131631
1527 5081 0.300531391458
1322 4893 0.270181892499
1824 4893 0.372777437155
1311 4088 0.320694716243
1887 7178 0.262886597938
2408 7178 0.335469490109
1331 5008 0.265774760383
1663 7201 0.230940147202
1364 4984 0.27367576244
1654 4984 0.331861958266
1693 7391 0.229062373157
1415 6030 0.234660033167
1384 5736 0.241283124128
1770 4997 0.354212527517
1549 8000 0.193625
1495 7316 0.204346637507
2062 7316 0.281848004374
1294 5069 0.255277174985
1312 6180 0.212297734628
1429 6048 0.236276455026
1494 5100 0.292941176471
1427 6480 0.220216049383
1304 7027 0.1855699445
1761 7027 0.250604810019
987 5096 0.193681318681
999 6903 0.144719687093
1593 4927 0.323320478993
1586 7855 0.201909611712
1265 5971 0.211857310333
1545 5971 0.258750628036
838 4146 0.202122527738
1638 5215 0.314093959732
1471 7578 0.194114542096
1430 7943 0.180032733224
1769 7943 0.22271182173
1058 5017 0.210882997807
1383 4950 0.279393939394
1378 5142 0.267989109296
1820 5142 0.353947880202
1437 4147 0.346515553412
1357 7131 0.190295891179
1871 7131 0.262375543402
1170 5069 0.230814756362
1168 7184 0.162583518931
808 5058 0.159746935548
1083 5058 0.214116251483
1342 6392 0.209949937422
1485 6107 0.243163582774
1755 5194 0.33788987293
1552 6824 0.227432590856
1486 6612 0.224742891712
1808 6612 0.273442226255
905 4754 0.190366007573
1648 6452 0.25542467452
1918 5020 0.382071713147
1146 4994 0.229475370445
1100 5176 0.212519319938
1456 5176 0.281298299845
1318 4856 0.271416803954
1552 5082 0.305391578119
1693 6782 0.249631377175
1706 7892 0.216168271668
1984 7892 0.251393816523
1629 5039 0.32327842826
1521 4982 0.305299076676
1564 4913 0.318339100346
2101 4913 0.427640952575
1630 4286 0.380307979468
1426 7031 0.202816100128
1975 7031 0.280898876404
1299 5084 0.25550747443
1279 7001 0.182688187402
721 4287 0.16818287847
1036 4287 0.241660835083
1353 5122 0.264154627099
2228 5326 0.418325197146
1225 5289 0.231612781244
1009 4585 0.220065430752
1190 4585 0.259541984733
757 4211 0.179767276181
1716 5157 0.332751599767
1567 5539 0.282903051092
1657 7988 0.207436154231
2006 7988 0.251126690035
889 4076 0.218105986261
1709 5112 0.3343114241
1802 5458 0.330157566874
2448 5458 0.448515939905
1686 4350 0.387586206897
1423 7000 0.203285714286
1925 7000 0.275
943 5094 0.185119748724
1193 6351 0.187844433947
541 4057 0.133349765837
756 4057 0.186344589598
1737 5088 0.341391509434
1428 6432 0.222014925373
1510 7671 0.196845261374
1786 7671 0.232824925042
1371 5081 0.269828773863
1581 4966 0.318364881192
1473 5117 0.287863982802
1953 5117 0.381668946648
1660 4351 0.381521489313
1357 5989 0.226582067123
1740 5989 0.290532643179
1088 5065 0.214807502468
1119 5176 0.216190108192
850 5020 0.169322709163
1120 5020 0.223107569721
1727 4970 0.347484909457
1492 5062 0.294745160016
1847 5062 0.364875543264
1502 4111 0.365361225979
1379 6966 0.197961527419
1614 6966 0.231696813092
1195 5089 0.234820200432
1402 7892 0.177648251394
890 4953 0.179689077327
1075 4953 0.21704017767
1439 5120 0.2810546875
1907 5120 0.3724609375
1636 4293 0.381085488004
1410 4886 0.288579615227
1126 4110 0.27396593674
1554 4110 0.378102189781
1503 7940 0.189294710327
681 4357 0.156300206564
1004 4357 0.230433784714
781 5028 0.155330151154
1589 6675 0.238052434457
2098 5550 0.378018018018
2139 6880 0.310901162791
1716 7741 0.221676785945
1700 5098 0.33346410357
1731 7049 0.245566747056
1417 6488 0.218403205919
2295 6488 0.353729963009
1388 5065 0.27403751234
1829 5474 0.33412495433
1160 4206 0.275796481217
1702 6472 0.262978986403
1815 4893 0.370938074801
1678 7885 0.212809131262
1510 6429 0.234873230674
2276 6429 0.354020843055
1564 5043 0.310132857426
2760 7598 0.36325348776
1646 5138 0.320358115998
1875 5310 0.353107344633
1926 5458 0.352876511543
1275 4762 0.267744645107
2339 4762 0.491180176396
1827 4890 0.373619631902
1924 6806 0.28269174258
1730 4354 0.397335783188
1606 6123 0.262289727258
1884 6602 0.285368070282
2711 6602 0.410633141472
1751 5015 0.349152542373
1146 4916 0.23311635476
1790 7070 0.253182461103
1719 7012 0.245151169424
1895 7012 0.270250998289
1355 5004 0.270783373301
1547 5096 0.303571428571
1571 5224 0.300727411945
2247 5224 0.430130168453
1546 4285 0.360793465578
1814 7123 0.254667976976
2489 7123 0.349431419346
1559 5073 0.307313226887
1339 6863 0.195104181845
1333 5040 0.264484126984
1745 5040 0.34623015873
1172 5516 0.212472806381
1450 6030 0.240464344942
1634 7249 0.225410401435
1584 5180 0.305791505792
1450 6195 0.234059725585
1242 7031 0.176646280757
2086 7031 0.296686104395
1348 5082 0.265249901614
1603 6483 0.247262070029
1196 5485 0.21804922516
1526 5043 0.302597660123
1658 7215 0.229799029799
1046 6572 0.159160073037
1877 6572 0.285605599513
1080 5097 0.211889346675
948 6072 0.156126482213
1766 4725 0.373756613757
1306 5772 0.226264726265
1094 5949 0.183896453185
1674 5949 0.28139183056
904 4136 0.218568665377
1529 5159 0.296375266525
1342 6435 0.208547008547
1293 7943 0.162784841999
1777 7943 0.22371899786
1375 5105 0.269343780607
1387 4796 0.289199332777
1436 5255 0.273263558516
1965 5255 0.373929590866
1278 4111 0.310873266845
1465 7927 0.184811404062
2327 7927 0.293553677305
1353 5072 0.266758675079
579 4788 0.120927318296
738 5082 0.145218417946
1187 5082 0.233569460842
1005 4828 0.20816072908
1266 5167 0.245016450552
1899 5362 0.354158895934
1661 6900 0.240724637681
1065 6084 0.175049309665
1675 6084 0.275312294543
826 4083 0.202302228753
1633 6529 0.250114872109
1796 5138 0.349552355002
1410 5811 0.242643262777
988 5206 0.189781021898
1569 5206 0.301383019593
1216 4249 0.286184984702
1590 5502 0.288985823337
1606 6783 0.236768391567
1565 7618 0.205434497243
2117 7618 0.277894460488
1354 4993 0.271179651512
1379 4937 0.279319424752
1413 5054 0.279580530273
1977 5054 0.391175306688
1356 4190 0.323627684964
1253 6811 0.183967112025
1871 6811 0.27470268683
1182 5076 0.232860520095
662 4788 0.138262322473
863 5033 0.17146830916
1339 5033 0.266044108881
1039 4238 0.245162812647
2199 5326 0.412880210289
1694 6258 0.270693512304
905 4585 0.197382769902
1384 4585 0.30185387132
898 4490 0.2
1831 5248 0.348894817073
1404 5227 0.268605318538
1465 7353 0.199238406093
2090 7353 0.284237726098
1081 4977 0.217199115933
1721 5133 0.335281511786
1461 5223 0.279724296381
2390 5223 0.457591422554
1756 4420 0.397285067873
1037 5577 0.185942262865
1753 5577 0.314326698942
765 4378 0.174737322979
411 3853 0.106670127174
557 4331 0.128607711845
871 4331 0.201108289079
1430 4309 0.331863541425
1695 7206 0.235220649459
1429 7671 0.186286012254
1780 7671 0.232042758441
1471 5015 0.29332003988
1635 5043 0.324211778703
1505 5156 0.291892940264
2239 5156 0.434251357642
1507 4037 0.373297002725
1192 5807 0.205269502325
1808 5807 0.311348372654
1321 4721 0.279813598814
927 5176 0.179095826893
689 4249 0.162155801365
1112 4249 0.261708637326
1566 4964 0.315471394037
1678 5756 0.291521890202
2129 5756 0.369874913134
1565 4348 0.359935602576
1271 5243 0.242418462712
1660 5243 0.316612626359
1075 4158 0.258537758538
1320 7892 0.167257982767
779 4158 0.18734968735
929 4158 0.223424723425
1361 4964 0.274174053183
2022 4964 0.407332796132
1211 3986 0.303813346713
1269 5079 0.249852333136
1154 4398 0.262391996362
1588 4398 0.361073215098
833 5224 0.159456355283
616 4357 0.141381684645
943 4357 0.216433325683
404 3786 0.106708927628
2138 7023 0.304428306991
1966 6764 0.290656416322
2160 7683 0.281140179617
1428 4994 0.285943131758
1628 8000 0.2035
1937 7144 0.271136618141
2421 7144 0.338885778275
1310 5048 0.259508716323
2209 6622 0.333585019632
1805 6962 0.259264579144
1488 5217 0.285221391604
1822 5119 0.355928892362
1935 6971 0.277578539664
2365 6971 0.33926265959
1588 4852 0.327287716406
1710 6049 0.282691353943
1376 4334 0.317489616982
1890 7113 0.265710670603
1977 7398 0.267234387672
2528 7398 0.34171397675
1419 5081 0.279275733123
1356 4929 0.275106512477
1569 6710 0.233830104322
1699 7467 0.227534485068
1862 7467 0.249363867684
1265 5081 0.248966738831
1420 4956 0.286521388216
1233 5756 0.214211257818
1706 5756 0.29638637943
1575 3943 0.399442049201
1750 6627 0.264071223781
2176 6627 0.328353704542
1268 5081 0.249557173785
1551 6670 0.232533733133
1071 5051 0.212037220352
1376 5051 0.272421302712
1375 4107 0.334794253713
1423 5138 0.276956014013
1591 5190 0.30655105973
1707 6179 0.276258294222
1897 5408 0.350776627219
2237 5408 0.413646449704
1573 4890 0.321676891616
2014 7553 0.266649013637
1139 4183 0.272292612957
1681 7655 0.219595035924
1988 6600 0.301212121212
2575 6600 0.390151515152
899 3196 0.281289111389
1229 4930 0.249290060852
1549 6480 0.239043209877
2258 7988 0.282674011017
2237 7988 0.280045067601
1785 5078 0.351516345018
1358 4905 0.276860346585
1526 5246 0.290888295844
2024 5246 0.385817765917
1456 4285 0.339789964994
1743 6937 0.25126135217
2277 6937 0.328239873144
1084 5071 0.213764543483
1623 6937 0.23396280813
1069 5043 0.211976997819
1518 5043 0.301011302796
1452 4184 0.347036328872
1594 5228 0.304896710023
2526 7004 0.360651056539
2376 7280 0.326373626374
3026 7280 0.415659340659
1778 4901 0.362783105489
1853 5153 0.35959635164
1766 5042 0.350257834193
2246 7885 0.284844641725
2530 7885 0.320862396956
1756 5030 0.349105367793
1749 5322 0.328635851184
1752 4737 0.369854338189
2043 4737 0.431285623813
1749 4600 0.380217391304
1979 6429 0.30782392285
2643 6429 0.411105926272
1420 4067 0.349151708876
2077 7178 0.289356366676
1153 4158 0.277296777297
1334 4158 0.320827320827
1270 5306 0.239351677346
1768 6856 0.257876312719
1919 6902 0.278035352072
2110 6902 0.305708490293
1427 5068 0.281570639305
1248 4896 0.254901960784
1465 5477 0.267482198284
1735 5477 0.316779258718
1471 4083 0.360274308107
1965 6462 0.30408542247
2506 6462 0.387805632931
1569 5003 0.3136118329
1703 6600 0.25803030303
949 4010 0.236658354115
1299 4010 0.323940149626
1289 4999 0.257851570314
1481 5134 0.288469029996
1687 5134 0.328593689131
1691 4507 0.375194142445
2149 7780 0.276221079692
2202 7780 0.283033419023
1687 4991 0.338008415147
1731 7856 0.22034114053
1040 5075 0.204926108374
1081 5075 0.213004926108
1629 5384 0.302563150074
2065 5384 0.383543833581
1376 4262 0.322853120601
1533 4488 0.341577540107
1182 4339 0.272412998387
1429 4339 0.329338557271
1477 6932 0.213069821119
986 5029 0.196062835554
1237 5029 0.245973354544
1124 5082 0.221172766627
1004 5123 0.195978918602
1365 6182 0.220802329343
1400 5043 0.277612532223
1592 7511 0.211955798163
1189 6277 0.189421698264
1545 6277 0.246136689501
966 5093 0.189672098959
963 6072 0.158596837945
1706 4933 0.345834177985
1353 6350 0.213070866142
1091 5800 0.188103448276
1460 5800 0.251724137931
833 4133 0.201548511977
1417 4857 0.29174387482
842 4857 0.173358039942
1358 6822 0.199061858692
1811 6822 0.265464673116
1443 5108 0.282498042287
1523 4854 0.3137618459
1381 5906 0.233830003386
1916 5906 0.32441584829
1274 4108 0.310126582278
1629 7927 0.205500189227
2143 7927 0.27034186956
1277 5102 0.250294002352
1173 7031 0.166832598492
819 5079 0.161252215003
1148 5079 0.226028745816
1092 6046 0.180615282832
1724 4834 0.356640463384
1070 5583 0.191653233029
1253 6404 0.195658963148
1567 6404 0.244690818239
804 4535 0.177287761852
1788 5382 0.332218506132
978 5711 0.171248467869
1394 7826 0.17812420138
1840 7826 0.235113723486
747 4086 0.18281938326
1913 5308 0.360399397136
1468 6169 0.237964013616
2108 6169 0.341708542714
1490 4424 0.336799276673
1032 5376 0.191964285714
1365 5376 0.25390625
1001 5103 0.196159122085
968 6361 0.152177330608
563 5097 0.110457131646
869 5097 0.170492446537
1473 4885 0.30153531218
1419 6947 0.204260832014
1234 7034 0.175433608189
1574 7034 0.223770258743
787 5119 0.153740965032
1519 5086 0.298662996461
1300 5796 0.224292615597
1638 5796 0.282608695652
1466 4383 0.334474104495
1342 6338 0.211738718839
1644 6338 0.259387819501
1053 5061 0.208061647896
1035 5949 0.17397881997
566 4146 0.13651712494
757 4146 0.182585624699
1434 4964 0.288879935536
1439 6015 0.23923524522
1763 6015 0.293100581879
1589 4456 0.356597845601
1342 7030 0.190896159317
1693 7030 0.240825035562
972 5122 0.189769621242
1182 7943 0.148810273197
742 4212 0.17616334283
979 4212 0.232431149098
1413 5822 0.242700103057
1974 5822 0.3390587427
1473 4292 0.343196644921
1234 5915 0.208622147084
1026 4155 0.246931407942
1411 4155 0.339590854392
885 6052 0.146232650364
778 5092 0.152788688138
1121 5092 0.220149253731
650 5082 0.12790240063
997 4238 0.235252477584
1872 5413 0.345834103085
1289 5656 0.227899575672
920 4610 0.199566160521
1106 4610 0.239913232104
818 4490 0.182182628062
1771 5122 0.345763373682
1175 4994 0.235282338807
1594 7343 0.217077488765
1989 7343 0.270870216533
1315 5086 0.258552890287
1744 5260 0.331558935361
1603 5218 0.307205825987
1988 5218 0.38098888463
1663 4591 0.362230450882
1364 6049 0.225491816829
1673 6049 0.276574640436
1096 5075 0.215960591133
1168 6514 0.179306109917
695 5083 0.136730277395
959 5083 0.188668109384
1750 5071 0.34509958588
1642 6345 0.25878644602
1529 7671 0.199322122279
1813 7671 0.236344674749
1510 5015 0.30109670987
1738 5155 0.337148399612
1518 5031 0.301729278473
2066 5031 0.410653945538
1487 4033 0.368708157699
1463 6739 0.21709452441
1981 6739 0.293960528268
1013 4267 0.237403327865
972 5206 0.186707645025
784 4249 0.184514003295
1035 4249 0.243586726289
1879 5065 0.370977295163
1863 5814 0.320433436533
2194 5814 0.37736498108
1604 4237 0.378569742743
1704 7467 0.228204098031
1893 7467 0.253515468059
1346 4974 0.270607157218
1456 7411 0.196464714613
723 4073 0.177510434569
899 4073 0.220721826663
1467 5120 0.2865234375
1901 5120 0.3712890625
1418 4159 0.340947343111
1470 5412 0.271618625277
1094 4083 0.26794024002
1552 4083 0.380112662258
1234 6811 0.181177506974
889 5047 0.176144244105
1258 5047 0.249256984347
702 5033 0.139479435724
1741 5052 0.344615993666
1467 5237 0.280122207371
1390 7643 0.181865759519
1894 7643 0.247808452178
869 4167 0.208543316535
1809 5236 0.345492742552
1541 5221 0.295154185022
2148 5221 0.411415437656
1810 4596 0.393820713664
1352 6422 0.210526315789
1786 6422 0.278106508876
1066 5078 0.209925167389
864 4585 0.188440567067
576 4490 0.128285077951
784 4490 0.174610244989
1848 5168 0.357585139319
1855 5757 0.32221643217
2241 5757 0.389265242314
1815 4575 0.396721311475
1540 7033 0.218967723589
1801 7033 0.256078487132
1295 5059 0.255979442578
1463 7906 0.185049329623
735 5071 0.14494182607
986 5071 0.194438966673
1674 5421 0.308799114555
2109 5421 0.389042612064
1727 4496 0.384119217082
1568 5506 0.284780239738
1349 4546 0.296744390673
1816 4546 0.399472063352
1155 6559 0.176093916756
586 4281 0.13688390563
812 4281 0.189675309507
547 4102 0.133349585568
1629 4026 0.404619970194
1654 5261 0.314388899449
2014 5261 0.382816954952
1574 4054 0.388258510113
1627 8008 0.203171828172
1905 8008 0.237887112887
1458 5119 0.284821254151
1279 7671 0.166731847217
895 5056 0.177017405063
1094 5056 0.216376582278
1483 4332 0.342336103416
1863 4332 0.430055401662
1494 4167 0.358531317495
1376 5174 0.265945110166
1186 4339 0.273334869786
1604 4339 0.369670430975
1261 6074 0.207606190319
692 5029 0.137601908928
1042 5029 0.207198250149
701 4249 0.164979995293
1847 6109 0.302340808643
2232 6109 0.3653625798
1478 4156 0.355630413859
1751 5961 0.293742660627
1238 4280 0.289252336449
1444 4280 0.33738317757
1493 7958 0.187609952249
1089 5089 0.213990960896
1336 5089 0.262527019061
749 5078 0.14749901536
1385 4965 0.278952668681
1085 4207 0.257903494176
1520 4207 0.36130259092
1066 4166 0.255880940951
629 4783 0.13150742212
