92.7170868347 99.8272825598 0.294985250737
92.5570228091 99.9133073255 0.0
92.7971188475 99.8489034552 0.545316951567
91.8567426971 99.9781564002 0.474501857481
92.8571428571 99.9139229611 0.545316951567
92.7971188475 99.8489034552 0.545316951567
92.2168867547 99.8708844416 0.0
92.3169267707 99.7619604902 0.531419376694
92.3569427771 99.6527689702 3.52941176471
92.8571428571 98.8510496023 21.5761349585
91.9367747099 100.0 0.0
92.7571028411 99.7406344211 1.30208333333
92.7571028411 99.7406344211 1.30208333333
93.93757503 98.8356674378 29.9128555023
92.1368547419 99.9131635173 1.51462876677
92.6370548219 99.8046875 0.769230769231
91.7366946779 99.4762982981 5.22100782178
91.7166866747 100.0 0.0
92.4169667867 99.8032786885 0.709219858156
92.7370948379 100.0 0.0
92.0768307323 99.9561114768 0.0
92.0568227291 99.8482878197 0.78125
93.3973589436 98.8760864839 25.5682252197
91.7767106843 99.7166979045 1.19502232355
91.9167667067 99.8696216819 0.0
91.9167667067 99.8696216819 0.0
93.8575430172 98.8543961002 30.360848302
92.4969987995 100.0 0.0
92.8371348539 99.784914906 0.880437999408
92.1768707483 99.8696751396 2.34232274902
92.8771508603 100.0 0.0
92.6370548219 100.0 0.0
92.0168067227 99.8271624117 0.869565217391
92.0168067227 99.8693664272 0.246913580247
92.5570228091 99.0445202115 18.5944257464
92.2569027611 99.8477201222 1.74787744555
92.6770708283 100.0 0.0
92.6770708283 100.0 0.0
93.7975190076 98.9595240378 31.4381578018
92.6370548219 100.0 0.0
92.7771108443 99.8709667733 0.294985250737
92.5370148059 99.9783690244 0.0
92.2769107643 100.0 0.0
92.7971188475 99.8267390915 0.516795865633
91.8167266907 99.8476647603 0.746606334842
92.5770308123 98.6941226347 22.4293410074
92.2368947579 99.9346232606 1.17904752126
92.4369747899 99.8486953577 0.271002710027
92.4369747899 99.8486953577 0.271002710027
93.6574629852 98.9610992244 29.5182461263
92.6570628251 100.0 0.0
92.6370548219 100.0 0.0
92.9171668667 99.7859261831 0.0
92.5770308123 99.8710509349 0.844260409478
92.0968387355 99.6308191459 2.55107000514
93.2773109244 99.0646653872 26.9426057896
91.2765106042 99.5004256022 1.99665709822
92.3769507803 99.7850714464 0.891330891331
92.3769507803 99.7850714464 0.891330891331
93.3973589436 98.8744860101 29.1827628111
92.4569827931 100.0 0.0
92.5570228091 99.892011307 2.65523223241
92.8171268507 99.8274370239 0.853636028055
92.0168067227 99.9347684279 0.250626566416
93.2773109244 98.8270739002 28.952093403
92.2368947579 99.9779977998 0.662251655629
92.0968387355 99.6516432113 3.95148455079
92.0968387355 99.6516432113 3.95148455079
93.3973589436 98.8293288571 27.9949938386
92.4169667867 100.0 0.0
92.3769507803 99.9352696221 1.6262393922
91.8967587035 99.8687039742 1.15875242102
93.1572629052 98.9023287573 18.9925423993
92.3369347739 99.9783690244 0.0
92.2168867547 99.8912097476 0.248756218905
92.2168867547 99.8912097476 0.248756218905
93.3973589436 98.9997685884 29.1651552707
92.0768307323 99.9341672153 0.226757369615
92.4969987995 99.9350648803 1.31458333333
93.7174869948 99.5654442347 25.8786917381
92.0968387355 99.8039997003 3.26795140636
92.4169667867 99.5024875622 3.73333333333
92.4169667867 99.5024875622 3.73333333333
93.1972789116 98.8671801612 30.1084322618
92.2368947579 99.8485806304 1.03359173127
93.9175670268 99.0738822813 27.3666602344
92.3169267707 99.9784110535 0.0
92.2168867547 99.3721695258 6.36221327711
92.2168867547 99.3721695258 6.36221327711
93.4573829532 99.0027106264 27.2142064695
93.237294918 98.725757713 25.2839319302
92.2969187675 99.7412625647 1.36711947057
92.0368147259 99.1541290167 6.80563380282
92.0368147259 99.1541290167 6.80563380282
93.837535014 99.06862014 30.9353388088
93.0972388956 98.5370718395 20.9322033898
93.5574229692 98.8299813114 29.7411627802
93.5574229692 98.8299813114 29.7411627802
94.7779111645 98.3455797593 54.640692023
92.0768307323 99.6342469846 2.87113159575
92.0768307323 99.6342469846 2.87113159575
93.4973989596 98.8255889555 29.6448436161
91.7567026811 99.6950348286 3.18844548774
93.7975190076 99.1743391904 31.5826496909
93.7975190076 99.1743391904 31.5826496909
92.2569027611 100.0 0.0
93.0172068828 100.0 0.0
92.6370548219 100.0 0.0
92.8571428571 100.0 0.0
92.8571428571 100.0 0.0
92.3169267707 100.0 0.0
92.0368147259 100.0 0.0
92.5370148059 100.0 0.0
92.6170468187 98.7618996081 20.7483828707
91.9367747099 100.0 0.0
92.8971588635 99.7838839493 2.72658475783
92.8971588635 99.7838839493 2.72658475783
93.9175670268 99.0521421646 26.4786891349
92.3169267707 100.0 0.0
92.3569427771 100.0 0.0
92.3769507803 100.0 0.0
92.3169267707 100.0 0.0
91.9567827131 100.0 0.0
92.5570228091 99.9567660864 0.0
91.2364945978 100.0 0.0
93.3173269308 98.3301400433 32.6775573366
92.1168467387 100.0 0.0
92.2569027611 99.8262757872 1.27226463104
92.2569027611 99.8262757872 1.27226463104
93.3173269308 98.8963055228 25.9365311295
92.9371748699 100.0 0.0
92.8571428571 100.0 0.0
93.0172068828 100.0 0.0
92.3969587835 100.0 0.0
92.0368147259 100.0 0.0
92.5370148059 100.0 0.0
93.1172468988 99.0539282099 16.6876681159
91.9367747099 100.0 0.0
92.9771908764 99.8297147722 2.0
92.9771908764 99.8297147722 2.0
93.9175670268 99.051564238 27.0733409894
91.7767106843 100.0 0.0
92.1368547419 100.0 0.0
92.1568627451 100.0 0.0
91.9767907163 99.8698755012 0.0
91.7767106843 100.0 0.0
93.0572228892 98.5497497131 26.9000771605
92.6570628251 100.0 0.0
92.6370548219 100.0 0.0
92.6370548219 100.0 0.0
93.6974789916 98.741201691 33.0810864606
93.0172068828 100.0 0.0
92.3169267707 100.0 0.0
92.2168867547 100.0 0.0
91.9967987195 99.9783690244 0.0
93.1572629052 98.7883173619 23.2403607401
91.9367747099 100.0 0.0
92.9571828731 100.0 0.0
92.9571828731 100.0 0.0
94.037615046 99.2025661516 26.5756941161
92.8971588635 100.0 0.0
92.2168867547 100.0 0.0
92.2168867547 100.0 0.0
92.9371748699 98.503860956 26.2089217972
92.1368547419 100.0 0.0
92.8571428571 99.7838515066 2.74719088473
92.8571428571 99.7838515066 2.74719088473
94.0576230492 98.965205518 29.9128555023
92.3969587835 100.0 0.0
92.7571028411 100.0 0.0
93.9775910364 99.2486766139 25.4124675766
92.2969187675 100.0 0.0
92.3169267707 100.0 0.0
92.3169267707 100.0 0.0
94.0176070428 99.0679752299 33.6367376919
92.7971188475 99.739243807 2.0202020202
93.0572228892 99.0664768409 20.7762144569
92.7170868347 100.0 0.0
92.2168867547 99.9350498449 2.62699858328
92.2168867547 99.9350498449 2.62699858328
93.6574629852 99.0030854203 29.1172761665
93.2172869148 99.2642429078 18.0066219409
92.0968387355 100.0 0.0
91.9167667067 98.5378583066 15.3764562685
91.9167667067 98.5378583066 15.3764562685
93.5574229692 98.9356127011 30.4858299595
93.8175270108 98.8543639567 31.7393112411
93.2773109244 99.0426369047 26.0464970209
93.2773109244 99.0426369047 26.0464970209
95.1580632253 98.3608590681 53.9921283934
91.9967987195 100.0 0.0
91.9967987195 100.0 0.0
93.537414966 98.9108291348 32.5951430428
92.8571428571 99.7838515066 2.74719088473
93.9175670268 99.051564238 27.0733409894
93.9175670268 99.051564238 27.0733409894
91.8967587035 100.0 0.0
92.9771908764 100.0 0.0
92.3569427771 100.0 0.0
91.8967587035 100.0 0.0
92.5170068027 100.0 0.0
92.3169267707 100.0 0.0
92.2368947579 100.0 0.0
93.3173269308 98.7672757916 25.5790664272
92.1968787515 100.0 0.0
91.9167667067 100.0 0.0
91.9167667067 100.0 0.0
93.737494998 99.1319252225 30.6497850962
92.0968387355 100.0 0.0
92.1368547419 100.0 0.0
92.2769107643 100.0 0.0
92.4169667867 100.0 0.0
92.3169267707 100.0 0.0
92.3369347739 99.9132784472 0.784387946081
92.7571028411 99.3721674095 12.1558862434
92.3969587835 100.0 0.0
92.4969987995 100.0 0.0
92.4969987995 100.0 0.0
94.2176870748 98.9905574096 28.9896867838
92.0368147259 100.0 0.0
92.0968387355 100.0 0.0
91.7967186875 100.0 0.0
91.7967186875 100.0 0.0
92.6370548219 100.0 0.0
92.8571428571 98.6136643367 23.1235634461
92.1768707483 100.0 0.0
92.6570628251 100.0 0.0
92.6570628251 100.0 0.0
93.137254902 98.9712131743 30.7162553586
91.8367346939 100.0 0.0
91.6166466587 100.0 0.0
92.1568627451 99.9348345448 1.22265243383
92.2368947579 100.0 0.0
93.3573429372 99.0227696011 26.779264105
91.9967987195 100.0 0.0
92.4169667867 100.0 0.0
92.4169667867 100.0 0.0
93.637454982 99.1308057361 28.6809832745
92.1368547419 100.0 0.0
92.1168467387 100.0 0.0
92.3369347739 100.0 0.0
93.3973589436 98.6623592184 24.7961746764
91.9367747099 100.0 0.0
92.1568627451 100.0 0.0
92.1568627451 100.0 0.0
94.2176870748 99.0548523325 28.0860071301
92.2769107643 99.956284153 0.0
92.0968387355 100.0 0.0
93.2573029212 99.2585352219 25.6619679381
92.2569027611 100.0 0.0
91.8567426971 100.0 0.0
91.8567426971 100.0 0.0
93.6974789916 98.7415509524 34.2838612368
92.2969187675 100.0 0.0
93.7975190076 99.1152064257 26.8212492383
92.5370148059 99.9134199134 0.26455026455
92.3969587835 100.0 1.08953247251
92.3969587835 100.0 1.08953247251
93.3973589436 99.156303002 24.7862465948
93.337334934 98.5094649908 28.8547818084
92.4969987995 99.8278299897 0.294985250737
92.5170068027 98.2003640736 24.8754746203
92.5170068027 98.2003640736 24.8754746203
93.637454982 99.0690151211 27.9297245964
92.3769507803 99.1948083577 13.8952589211
93.3573429372 99.1115829043 24.0086268286
93.3573429372 99.1115829043 24.0086268286
95.2981192477 98.579480751 51.9395278582
91.8767507003 100.0 0.0
91.8767507003 100.0 0.0
93.1972789116 98.9334177543 28.5190163408
92.1968787515 100.0 0.0
94.3177270908 99.0740606604 32.0627707353
94.3177270908 99.0740606604 32.0627707353
92.6570628251 100.0 0.0
92.6170468187 100.0 0.0
91.9167667067 99.9784110535 0.0
92.5570228091 100.0 0.0
92.1168467387 100.0 0.0
92.2368947579 100.0 0.0
92.4369747899 98.4539058012 24.8241697495
92.1368547419 100.0 0.0
92.0368147259 100.0 0.0
92.0368147259 100.0 0.0
94.4577831132 99.0513758167 34.4106762633
92.6570628251 100.0 0.0
92.9771908764 100.0 0.0
92.9771908764 100.0 0.0
91.9767907163 99.847249521 0.77841203944
92.5370148059 100.0 0.0
92.6970788315 98.6993541396 19.4871998098
91.5766306523 100.0 0.0
92.0168067227 99.9783690244 0.0
92.0168067227 99.9783690244 0.0
93.2973189276 98.9108469332 30.4651795893
92.0768307323 100.0 0.0
92.6770708283 100.0 0.0
92.1168467387 99.9567788064 0.542380324989
92.4169667867 100.0 0.0
93.5174069628 99.2023770932 17.4456060506
92.2168867547 100.0 0.0
92.2168867547 100.0 0.0
92.2168867547 100.0 0.0
92.9971988796 98.8677329497 27.2114297461
92.3569427771 100.0 0.0
92.0368147259 99.9122229537 0.0
92.2368947579 100.0 0.0
93.137254902 98.4863773458 26.8101989004
92.2569027611 100.0 0.0
92.1568627451 100.0 0.0
92.1568627451 100.0 0.0
93.337334934 98.9360011654 27.136851796
91.9367747099 99.782582966 0.289855072464
92.4569827931 100.0 0.0
94.3777511004 99.2245741364 31.5350767895
92.1368547419 100.0 0.0
92.5170068027 100.0 0.0
92.5170068027 100.0 0.0
93.637454982 98.8741879169 29.5091839807
92.2969187675 100.0 0.0
93.7174869948 99.0506486465 26.4981703602
91.9967987195 100.0 0.0
92.3969587835 100.0 1.08953247251
92.3969587835 100.0 1.08953247251
93.5974389756 99.0024541449 28.8690528052
93.0572228892 98.8124645488 23.7781737782
92.4369747899 100.0 0.0
92.4969987995 98.2003471981 24.871579249
92.4969987995 98.2003471981 24.871579249
92.9571828731 99.0038526281 20.5767836012
93.2973189276 98.3992982519 29.8694879159
93.1172468988 98.6386575225 24.8106373185
93.1172468988 98.6386575225 24.8106373185
95.0780312125 98.5233891447 55.3738151892
92.0968387355 100.0 0.0
92.0968387355 100.0 0.0
93.8775510204 99.2409239728 30.295220805
92.1968787515 100.0 0.0
93.8175270108 98.7510651746 30.6010088188
93.8175270108 98.7510651746 30.6010088188
92.7370948379 99.9783830523 0.0
92.6570628251 100.0 0.0
91.7767106843 100.0 0.0
91.7567026811 99.9563985175 0.0
92.3569427771 100.0 0.0
93.4173669468 99.0288164825 21.8179005226
92.6370548219 100.0 0.0
92.1768707483 100.0 0.0
92.1768707483 100.0 0.0
93.7575030012 98.8498605156 33.2697301726
92.7170868347 100.0 0.0
92.1768707483 100.0 0.0
92.1168467387 99.9567788064 0.542380324989
92.2969187675 99.8921251348 0.550964187328
93.43737495 98.8766464665 23.4514846956
92.2969187675 100.0 0.0
92.4969987995 100.0 0.0
92.4969987995 100.0 0.0
93.7575030012 99.2030498964 25.9649826786
92.3369347739 100.0 0.0
92.3169267707 100.0 0.0
92.2769107643 99.8705501618 0.550964187328
93.137254902 98.7472471622 23.933180033
92.1768707483 100.0 0.0
92.2769107643 100.0 0.0
92.2769107643 100.0 0.0
93.637454982 99.0898067711 29.3243118844
92.2769107643 99.956284153 0.0
92.4369747899 100.0 0.0
93.2573029212 99.3915754627 20.5279829299
92.3969587835 100.0 0.0
92.3169267707 100.0 0.0
92.3169267707 100.0 0.0
93.7174869948 98.812711644 29.2251147213
92.2969187675 100.0 0.0
93.0572228892 99.0148924768 28.6579630347
92.3369347739 100.0 0.0
92.3969587835 100.0 1.08953247251
92.3969587835 100.0 1.08953247251
93.5974389756 99.0024541449 28.8690528052
93.5974389756 99.2444389874 21.0697318008
92.3569427771 100.0 0.0
92.3369347739 98.6795694844 15.8349630938
92.3369347739 98.6795694844 15.8349630938
92.8371348539 98.9602796434 19.5890750849
92.7771108443 99.3087356392 13.8412849692
93.5774309724 98.9456376837 22.181489475
93.5774309724 98.9456376837 22.181489475
95.0980392157 98.5450764143 55.3738151892
92.2569027611 100.0 0.0
92.2569027611 100.0 0.0
93.8575430172 99.2407641153 30.2226054919
92.3969587835 100.0 0.0
93.8975590236 98.9829863021 31.7213291617
93.8975590236 98.9829863021 31.7213291617
92.1368547419 100.0 0.0
92.0968387355 100.0 0.0
91.7967186875 100.0 0.0
92.1568627451 100.0 0.0
93.137254902 98.7893882868 22.7085552531
92.6370548219 100.0 0.0
92.0368147259 100.0 0.0
92.0368147259 100.0 0.0
93.3573429372 99.2135980796 28.0007312519
91.7767106843 100.0 0.0
92.3369347739 99.9569058393 0.0
91.7767106843 99.8692810458 0.0
93.4173669468 99.0288164825 21.8179005226
91.9967987195 100.0 0.0
91.6966786715 99.8263888889 0.769230769231
91.6966786715 99.8263888889 0.769230769231
93.7975190076 98.8931786876 33.2541765613
92.5570228091 99.9570169783 0.0
92.9371748699 100.0 0.0
93.4773909564 99.5033508819 22.8499106194
92.0368147259 99.978397062 0.0
91.7567026811 99.9782419495 0.0
91.7567026811 99.9782419495 0.0
93.4973989596 98.9567970425 30.609009009
92.0568227291 99.3514915694 2.95698924731
93.0172068828 99.1128664567 17.1343779677
92.5170068027 99.9785223368 0.0
92.0368147259 99.7169605922 0.740740740741
92.0368147259 99.7169605922 0.740740740741
93.3573429372 98.9424826786 24.0355285725
92.9771908764 98.3784463656 25.8156150409
92.3769507803 100.0 0.0
92.1168467387 99.0347490347 5.65476190476
92.1168467387 99.0347490347 5.65476190476
93.5574229692 99.0484817047 26.0769296014
93.2973189276 98.7488989141 24.5894776244
93.3973589436 98.9233675294 22.6707325746
93.3973589436 98.9233675294 22.6707325746
94.2977190876 98.4347178319 49.5228455755
91.6766706683 99.8917045701 0.0
91.6766706683 99.8917045701 0.0
93.737494998 98.7612512611 35.4262667567
92.9771908764 100.0 0.0
93.4773909564 98.8912486317 31.018018018
93.4773909564 98.8912486317 31.018018018
91.9367747099 100.0 0.0
92.1168467387 99.9567788064 0.542380324989
92.3369347739 100.0 0.0
92.9771908764 98.7451592056 22.0436520648
91.9167667067 100.0 0.0
92.0568227291 100.0 0.0
92.0568227291 100.0 0.0
93.6974789916 99.2408889408 27.637708706
92.5570228091 99.7616895446 1.03365384615
92.2769107643 100.0 0.0
93.4973989596 99.5427842968 25.1778270721
92.2569027611 100.0 0.0
92.7170868347 100.0 0.0
92.7170868347 100.0 0.0
93.3173269308 98.9973824312 29.3501051558
92.2969187675 100.0 0.0
93.237294918 99.0082912262 18.9420122888
91.9967987195 100.0 0.0
92.1168467387 99.5002172968 3.3306033306
92.1168467387 99.5002172968 3.3306033306
94.4177671068 99.3545730779 29.4126489123
93.1572629052 99.1363146903 19.678658267
92.4369747899 99.9782986111 0.25641025641
92.1968787515 99.2833876221 6.36132315522
92.1968787515 99.2833876221 6.36132315522
93.637454982 99.4813798639 20.9026056466
92.9971988796 98.8114625297 20.6794731219
93.337334934 98.9840663451 23.2696651217
93.337334934 98.9840663451 23.2696651217
94.3977591036 98.7204537387 43.9726241923
92.1768707483 100.0 0.0
92.1768707483 100.0 0.0
93.7575030012 99.349990182 27.7163752106
92.4969987995 100.0 0.0
93.637454982 98.8914520784 32.4522874527
93.637454982 98.8914520784 32.4522874527
92.5770308123 99.806288308 0.934579439252
92.1968787515 99.7623114435 1.07978142077
93.9575830332 99.2650642445 28.0960026872
92.1568627451 100.0 0.0
92.1568627451 100.0 0.0
92.1568627451 100.0 0.0
93.6974789916 99.197028798 28.8054886037
92.2969187675 100.0 0.0
93.7575030012 98.9232673244 27.1710688056
91.9767907163 99.9783549784 0.0
92.3969587835 100.0 1.08953247251
92.3969587835 100.0 1.08953247251
93.5974389756 99.0024541449 28.8690528052
93.237294918 98.9814029197 24.0086268286
92.5170068027 100.0 0.0
92.3369347739 98.6795694844 15.8349630938
92.3369347739 98.6795694844 15.8349630938
93.637454982 99.3737151225 21.9092596356
93.0572228892 98.5622244479 29.3694885362
92.5770308123 98.6713729828 24.012735468
92.5770308123 98.6713729828 24.012735468
94.7779111645 98.3150274445 51.1735690507
92.1768707483 100.0 0.0
92.1768707483 100.0 0.0
93.9575830332 99.2638926188 30.613257886
92.8171268507 100.0 0.0
93.637454982 99.0892881671 29.1067890111
93.637454982 99.0892881671 29.1067890111
92.2969187675 99.8925424457 1.34237845616
94.3977591036 99.7403557391 25.5584309909
92.2168867547 100.0 0.0
92.3969587835 100.0 1.08953247251
92.3969587835 100.0 1.08953247251
93.5774309724 99.0024541449 28.6165275527
93.737494998 99.5438552883 26.3384618531
91.7166866747 99.8692700999 0.0
92.3169267707 98.681771364 16.1770491803
92.3169267707 98.681771364 16.1770491803
93.1572629052 99.0441744108 24.086647412
93.6974789916 99.5440359076 25.8940674958
93.7975190076 99.2627097508 27.3133023133
93.7975190076 99.2627097508 27.3133023133
95.2180872349 98.8315713942 50.7775835471
92.0968387355 99.8909962939 0.486618004866
92.0968387355 99.8909962939 0.486618004866
93.9775910364 99.2418175636 31.1272334
92.5570228091 100.0 0.0
93.2973189276 99.1487128557 28.913143979
93.2973189276 99.1487128557 28.913143979
93.0172068828 99.3080614884 19.3861994559
92.2569027611 100.0 0.0
92.2769107643 98.6397705372 16.964386024
92.2769107643 98.6397705372 16.964386024
94.3977591036 99.0071811247 36.7164445265
93.6574629852 98.9350483613 31.3440460249
92.9971988796 98.9262399945 28.8637243515
92.9971988796 98.9262399945 28.8637243515
94.5578231293 98.5738493215 45.8090262925
92.2569027611 99.8483863981 0.787401574803
92.2569027611 99.8483863981 0.787401574803
93.837535014 98.8729162988 33.0582516745
92.3969587835 100.0 1.08953247251
93.5974389756 99.0024541449 28.8690528052
93.5974389756 99.0024541449 28.8690528052
92.9971988796 99.5890785129 11.2448916647
92.9971988796 98.961063421 20.2601943617
92.9971988796 98.961063421 20.2601943617
94.2777110844 98.2181113647 49.640766907
91.9967987195 99.3669504475 4.55635491607
91.9967987195 99.3669504475 4.55635491607
93.9975990396 99.24468584 27.1024327572
92.5170068027 98.2003640736 24.8754746203
93.5974389756 99.3059866792 27.065991751
93.5974389756 99.3059866792 27.065991751
92.9771908764 98.9188483229 20.1083927576
92.9771908764 98.9188483229 20.1083927576
94.6378551421 98.7463494812 45.2841560167
92.7370948379 98.3794028728 23.5171150205
94.2577030812 98.4849940965 41.5501451601
94.2577030812 98.4849940965 41.5501451601
92.1768707483 100.0 0.0
93.43737495 98.9577468036 26.3369338564
93.43737495 98.9577468036 26.3369338564
93.8975590236 98.9829863021 31.7213291617
