629 2369 0.265512874631
885 3325 0.266165413534
838 3007 0.27868307283
813 3325 0.244511278195
805 4007 0.200898427751
802 3007 0.266711007649
866 4047 0.213985668396
721 3058 0.235775016351
918 3222 0.284916201117
1044 2868 0.364016736402
826 3155 0.261806656101
573 2565 0.223391812865
728 2565 0.283820662768
452 2395 0.18872651357
782 3051 0.256309406752
779 3007 0.259062188227
483 2348 0.205706984668
862 4000 0.2155
774 3007 0.257399401397
652 3369 0.193529237162
580 2483 0.233588401128
628 2089 0.300622307324
1201 2958 0.406017579446
760 3098 0.245319561007
671 3290 0.203951367781
866 3290 0.263221884498
608 3001 0.202599133622
931 3325 0.28
837 3204 0.261235955056
896 4046 0.221453287197
890 3325 0.267669172932
822 4000 0.2055
820 3264 0.251225490196
946 3278 0.288590604027
1339 3116 0.42971758665
836 3317 0.25203497136
943 4000 0.23575
1201 4000 0.30025
740 3009 0.245928880027
789 3306 0.238656987296
665 3047 0.218247456515
889 3325 0.267368421053
831 4000 0.20775
606 2295 0.264052287582
548 2437 0.224866639311
1293 3035 0.426029654036
788 3325 0.236992481203
669 3313 0.201931783882
952 3313 0.2873528524
661 3081 0.214540733528
1157 4000 0.28925
702 3306 0.212341197822
1011 3318 0.304701627486
702 3029 0.231759656652
1015 3299 0.307668990603
1278 2975 0.429579831933
757 3283 0.230581784953
956 2976 0.32123655914
1103 2976 0.37063172043
614 3052 0.201179554391
866 4000 0.2165
778 4047 0.192241166296
469 2371 0.19780683256
837 4000 0.20925
1103 2896 0.380870165746
831 4000 0.20775
818 4000 0.2045
1076 4000 0.269
494 3006 0.164337990685
604 3088 0.195595854922
916 3320 0.275903614458
796 3854 0.206538661131
1089 2803 0.388512308241
821 3325 0.246917293233
815 3250 0.250769230769
976 3250 0.300307692308
645 3079 0.209483598571
827 4000 0.20675
617 3139 0.196559413826
1349 3136 0.430165816327
437 2309 0.189259419662
628 3310 0.189728096677
793 3310 0.239577039275
464 3081 0.150600454398
934 3305 0.282602118003
1152 3020 0.381456953642
937 3789 0.247294800739
487 2442 0.199426699427
629 2442 0.257575757576
612 3023 0.202447899438
1282 3025 0.423801652893
928 3258 0.284837323511
1028 4030 0.255086848635
1306 4030 0.324069478908
731 3096 0.236111111111
1324 3033 0.436531486977
967 2889 0.334717895466
1265 2889 0.437867774316
1159 3034 0.382003955175
612 3242 0.188772362739
823 3242 0.253855644664
616 3025 0.203636363636
569 3252 0.174969249692
495 3001 0.164945018327
651 3001 0.21692769077
1008 4000 0.252
914 4000 0.2285
724 4000 0.181
889 4000 0.22225
945 4000 0.23625
946 4000 0.2365
973 4000 0.24325
872 4000 0.218
1414 3342 0.423099940156
909 4000 0.22725
959 4000 0.23975
1305 4000 0.32625
616 3056 0.201570680628
954 4000 0.2385
809 4000 0.20225
824 4000 0.206
891 3815 0.233551769332
933 4000 0.23325
680 3125 0.2176
1096 4000 0.274
1341 2940 0.45612244898
774 4000 0.1935
774 3597 0.215179316097
1092 3597 0.303586321935
731 3081 0.237260629666
934 3897 0.239671542212
933 4000 0.23325
864 3815 0.226474442988
953 4000 0.23825
844 3234 0.26097711812
809 4000 0.20225
1084 2832 0.382768361582
787 4000 0.19675
898 4115 0.21822600243
1377 4115 0.334629404617
608 3050 0.199344262295
801 3286 0.243761412051
1009 4000 0.25225
1141 3149 0.362337249921
543 2181 0.248968363136
1073 4001 0.268182954261
1207 3070 0.393159609121
709 4000 0.17725
1137 4000 0.28425
1332 4000 0.333
763 3068 0.248696219035
894 4000 0.2235
809 4000 0.20225
611 3075 0.198699186992
607 3012 0.201527224436
1010 2880 0.350694444444
794 4000 0.1985
824 4000 0.206
1067 4000 0.26675
506 3059 0.165413533835
856 4000 0.214
1102 4000 0.2755
1106 4000 0.2765
1527 3116 0.490051347882
955 4000 0.23875
985 4115 0.239368165249
1319 4115 0.320534629405
616 3081 0.199935086011
704 3488 0.201834862385
752 3086 0.243681140635
1450 3361 0.43141922047
830 4000 0.2075
905 4000 0.22625
1119 4000 0.27975
447 3087 0.144800777454
1254 4000 0.3135
1234 2818 0.437899219304
816 4000 0.204
899 3927 0.22892793481
1150 3927 0.292844410491
720 3042 0.236686390533
1002 2824 0.354815864023
695 3299 0.21066989997
1022 4000 0.2555
1281 4000 0.32025
735 3038 0.241935483871
1149 2927 0.392552101127
910 2825 0.322123893805
1121 2825 0.396814159292
1206 3195 0.377464788732
982 4000 0.2455
1289 4000 0.32225
742 3001 0.247250916361
875 4115 0.212636695018
341 3050 0.111803278689
591 3050 0.193770491803
969 4000 0.24225
1075 4000 0.26875
867 4000 0.21675
946 4000 0.2365
925 4000 0.23125
944 4000 0.236
998 4000 0.2495
1365 3009 0.453639082752
655 3142 0.208465945258
934 4000 0.2335
1296 4000 0.324
666 3075 0.216585365854
858 4000 0.2145
867 4000 0.21675
707 3293 0.214697843911
636 3504 0.181506849315
962 4000 0.2405
525 2089 0.251316419339
1231 3050 0.403606557377
820 4000 0.205
883 4000 0.22075
1355 4000 0.33875
778 3081 0.252515417072
955 4000 0.23875
672 4000 0.168
1331 4000 0.33275
950 3094 0.307045895281
734 4000 0.1835
1161 2959 0.392362284556
703 4000 0.17575
1164 4000 0.291
1413 4000 0.35325
582 3006 0.193612774451
884 4000 0.221
844 4000 0.211
582 3017 0.19290686112
602 3029 0.198745460548
1130 3012 0.375166002656
858 4000 0.2145
815 4000 0.20375
1035 4000 0.25875
483 3079 0.156869113348
915 4000 0.22875
690 3183 0.216776625825
1114 4000 0.2785
1091 2848 0.383075842697
939 4000 0.23475
875 4000 0.21875
1168 4000 0.292
746 3040 0.245394736842
665 3483 0.19092736147
825 3642 0.226523887974
1329 3288 0.404197080292
976 4000 0.244
906 4000 0.2265
1080 4000 0.27
442 3081 0.143459915612
1060 4000 0.265
1126 3036 0.370882740448
953 4000 0.23825
598 3015 0.198341625207
804 3015 0.266666666667
673 3001 0.224258580473
1197 3029 0.395179927369
1064 3101 0.343115124153
1078 4840 0.222727272727
1401 4840 0.289462809917
717 3081 0.232716650438
1028 2928 0.351092896175
1106 3078 0.359324236517
1367 3078 0.444119558155
1108 3060 0.362091503268
950 4000 0.2375
1213 4000 0.30325
631 3061 0.206141783731
810 4000 0.2025
503 3081 0.163258682246
647 3081 0.209996754301
888 4000 0.222
788 3788 0.208025343189
763 3122 0.244394618834
850 3674 0.231355470876
827 3099 0.266860277509
899 4000 0.22475
1218 3038 0.400921658986
698 3278 0.21293471629
891 4000 0.22275
1419 4000 0.35475
799 3081 0.259331385914
1032 4000 0.258
1016 4000 0.254
1418 4000 0.3545
586 2222 0.263726372637
1233 4000 0.30825
1136 3075 0.369430894309
840 4000 0.21
1247 4000 0.31175
1510 4000 0.3775
687 3053 0.225024566001
797 3788 0.210401267159
833 4000 0.20825
631 3017 0.209148160424
686 4000 0.1715
914 2787 0.327951202009
876 4000 0.219
833 4000 0.20825
1055 4000 0.26375
499 3060 0.163071895425
867 4000 0.21675
723 3183 0.227144203582
1014 4000 0.2535
1192 2981 0.39986581684
982 4000 0.2455
881 4000 0.22025
1211 4000 0.30275
635 3042 0.208744247206
593 3120 0.190064102564
740 3048 0.242782152231
1669 3406 0.490017615972
982 4000 0.2455
929 4000 0.23225
1128 4000 0.282
466 3030 0.153795379538
1056 4000 0.264
1159 3039 0.381375452451
924 4000 0.231
607 3015 0.201326699834
810 3015 0.268656716418
690 3010 0.229235880399
1138 2957 0.384849509638
1096 4000 0.274
1104 4840 0.228099173554
1412 4840 0.29173553719
738 3055 0.241571194763
1386 3116 0.444801026958
1127 3110 0.362379421222
1390 3110 0.446945337621
1358 3379 0.401894051495
977 4000 0.24425
1299 4000 0.32475
747 3025 0.24694214876
844 4000 0.211
367 3081 0.11911716975
633 3081 0.205452775073
1130 4000 0.2825
795 4000 0.19875
1442 3149 0.457923150206
1002 3094 0.32385261797
1189 4000 0.29725
1081 2892 0.373789764869
921 4000 0.23025
1151 4002 0.287606196902
1641 4002 0.410044977511
651 3041 0.214074317659
893 4000 0.22325
720 3284 0.219244823386
658 3017 0.218097447796
592 3087 0.191771946874
987 2847 0.346680716544
875 4000 0.21875
752 4000 0.188
1164 4000 0.291
517 3081 0.167802661474
875 4000 0.21875
922 3628 0.254134509372
553 2081 0.265737626141
1130 2908 0.388583218707
682 3507 0.194468206444
843 4000 0.21075
1271 4000 0.31775
794 3040 0.261184210526
763 3483 0.219064025266
710 3086 0.230071289695
1689 3592 0.470211581292
762 3232 0.235767326733
460 3065 0.150081566069
747 3065 0.243719412724
478 3081 0.155144433625
975 4000 0.24375
1349 3168 0.425820707071
779 3234 0.24087816945
533 3015 0.176782752902
881 3015 0.292205638474
724 3010 0.240531561462
1101 3048 0.361220472441
675 3502 0.192747001713
968 4840 0.2
1334 4840 0.275619834711
633 3055 0.207201309329
1109 2818 0.393541518808
1007 2928 0.343920765027
1354 2928 0.462431693989
1407 3379 0.416395383249
919 4000 0.22975
1326 4000 0.3315
781 3025 0.258181818182
342 2788 0.122668579627
457 3000 0.152333333333
684 3000 0.228
1157 4000 0.28925
1369 4000 0.34225
1175 3783 0.310600052868
1377 4001 0.34416395901
1127 3063 0.367939928175
934 4000 0.2335
1328 4000 0.332
1516 4000 0.379
734 3080 0.238311688312
1129 3149 0.358526516354
745 4011 0.185739217153
1081 4001 0.270182454386
1028 2892 0.355463347165
737 4000 0.18425
1231 4080 0.301715686275
1626 4080 0.398529411765
718 3041 0.2361065439
1745 4011 0.435053602593
838 3025 0.277024793388
1331 3317 0.401266204402
1083 3179 0.340673167663
1346 3341 0.4028733912
1440 3341 0.431008680036
842 3010 0.279734219269
1273 4000 0.31825
1201 3145 0.381875993641
1018 3123 0.325968619917
1398 4000 0.3495
1796 4000 0.449
806 3025 0.266446280992
1114 3072 0.362630208333
1176 4000 0.294
1250 4000 0.3125
1427 4000 0.35675
609 3013 0.202124128775
1161 3051 0.380530973451
1150 3242 0.354719309068
1396 3242 0.430598396052
1310 3308 0.396009673519
1378 4045 0.340667490729
1627 4045 0.402224969098
545 3081 0.176890619929
1226 4000 0.3065
483 3070 0.157328990228
659 3070 0.214657980456
793 4000 0.19825
622 3017 0.206165064634
1148 4000 0.287
1272 2982 0.426559356137
900 4000 0.225
862 4000 0.2155
1094 4000 0.2735
506 3036 0.166666666667
556 3017 0.184289028837
599 3182 0.188246385921
1270 3133 0.405362272582
794 4000 0.1985
814 4000 0.2035
994 4000 0.2485
461 3097 0.148853729416
605 3075 0.19674796748
1047 2810 0.372597864769
623 3075 0.202601626016
794 4004 0.198301698302
1047 4004 0.261488511489
519 3059 0.169663288656
1200 3188 0.376411543287
594 3029 0.19610432486
921 4000 0.23025
1152 4000 0.288
693 3098 0.223692704971
1165 2974 0.391728312038
967 3022 0.319986763733
1268 3022 0.419589675711
1153 3197 0.360650609947
828 4000 0.207
1087 4000 0.27175
488 3092 0.157826649418
675 4000 0.16875
305 3081 0.098993833171
482 3081 0.156442713405
502 3098 0.162040025823
584 3081 0.189548847777
1383 3259 0.424363301626
537 3232 0.166150990099
900 4000 0.225
1050 4000 0.2625
466 3040 0.153289473684
1068 4000 0.267
1123 2998 0.37458305537
936 4000 0.234
948 4014 0.236173393124
1191 4014 0.296711509716
692 3010 0.229900332226
1149 2984 0.385053619303
960 3928 0.244399185336
1124 4840 0.232231404959
1419 4840 0.293181818182
734 3078 0.238466536712
1376 2987 0.460662872447
1094 3064 0.357049608355
1336 3064 0.436031331593
1199 3182 0.376807039598
897 4000 0.22425
1195 4000 0.29875
751 3056 0.245746073298
757 4000 0.18925
582 3040 0.191447368421
752 3040 0.247368421053
361 2184 0.165293040293
1541 3241 0.475470533786
714 3488 0.204701834862
501 3015 0.166169154229
664 3015 0.220232172471
433 3010 0.143853820598
1323 3133 0.422278965847
731 3121 0.234219801346
1062 4840 0.219421487603
1381 4840 0.285330578512
485 3060 0.158496732026
1337 3133 0.426747526333
1177 3229 0.364509135955
1454 3229 0.450294208733
1378 3400 0.405294117647
917 4000 0.22925
1153 4000 0.28825
427 3016 0.141578249337
467 3065 0.152365415987
316 3081 0.102564102564
439 3081 0.142486205777
1263 3057 0.413150147203
1059 4000 0.26475
1053 4840 0.217561983471
1377 4840 0.284504132231
703 3081 0.228172671211
1303 3172 0.41078184111
1122 3168 0.354166666667
1397 3168 0.440972222222
1121 3047 0.367902855267
822 3941 0.208576503426
1054 3941 0.267444810962
556 3081 0.180460889322
585 3015 0.194029850746
475 3010 0.15780730897
666 3010 0.221262458472
895 2677 0.334329473291
1134 3200 0.354375
1370 3200 0.428125
1248 3184 0.391959798995
1017 4000 0.25425
1278 4000 0.3195
702 3079 0.227996102631
1011 4840 0.208884297521
511 3078 0.166016894087
673 3078 0.218648473034
1028 2962 0.347062795409
1314 2962 0.443619176232
1168 3097 0.377139166936
1061 3079 0.34459240013
1257 3534 0.355687606112
1427 3534 0.403791737408
875 4000 0.21875
349 3089 0.112981547426
515 3089 0.16672062156
427 3000 0.142333333333
