71.5 73.2553236348 69.9739000371
69.3333333333 70.788052655 68.1561621208
69.5 73.4293744717 65.8120735791
70.0 70.7966764418 69.2743766453
68.5 73.6899490979 63.9547132183
68.5 73.6899490979 63.9547132183
68.5 73.6899490979 63.9547132183
69.8333333333 70.8225655854 68.9391368943
68.5 73.6899490979 63.9547132183
68.3333333333 75.40013855 61.9675022001
70.1666666667 69.3542508835 71.001300738
68.6666666667 76.9205746815 60.8612653128
68.5 73.6899490979 63.9547132183
69.8333333333 70.8225655854 68.9105273196
69.1666666667 71.4397156712 67.7606566483
68.5 73.6899490979 63.9547132183
68.5 73.6899490979 63.9547132183
70.3333333333 70.086298269 70.6958446605
64.3333333333 73.4488517857 55.0433412136
66.1666666667 77.6786678668 54.6703337
62.1666666667 53.7568722458 70.3141212841
65.3333333333 76.9930237414 53.7143444217
61.3333333333 65.6417799275 59.8136907926
63.3333333333 76.9547349884 50.1845985208
63.8333333333 61.6881021435 66.0639397273
62.8333333333 62.770975468 62.6656517692
61.8333333333 61.8301282051 61.4893162393
60.1666666667 60.6805190092 62.1123103331
67.0 78.3710752783 55.7020477533
63.0 63.6749674967 62.400240024
63.8333333333 76.2369900943 53.2400771531
62.5 65.00170017 60.0635396873
64.0 72.7446577284 55.3427745522
64.6666666667 63.8276143791 64.6389324961
63.3333333333 76.9547349884 50.1845985208
60.5 59.4205670237 62.4061769041
59.5 53.4634564438 66.9344844203
61.0 58.1488631489 60.8630545756
61.8333333333 65.2149519602 59.411898297
60.5 60.0197019702 61.0151681835
59.1666666667 63.7733960565 54.0296600274
60.0 54.9301108586 64.0698956105
64.1666666667 63.0473230473 65.5485579139
60.8333333333 57.3247923131 65.0150802389
61.1666666667 63.0399039904 59.3683701704
61.3333333333 50.3855952627 72.265447708
60.6666666667 53.2771962528 69.3474815766
60.1666666667 56.9053831737 65.2831088106
59.6666666667 66.3870598474 54.1537624607
62.1666666667 46.4671604105 78.0702230096
60.0 66.9904391535 54.9063914146
61.3333333333 59.1011767843 63.7773444011
61.5 59.4312097876 63.7773444011
60.6666666667 62.0448044804 59.3735706904
61.8333333333 60.2942256293 63.9383537868
61.6666666667 60.4213087975 63.1039437277
61.6666666667 60.4213087975 63.1039437277
62.5 58.3578691202 66.6909357602
61.8333333333 71.4678899083 51.0592185592
62.0 63.764743141 60.4537787112
62.0 61.4314098076 62.7739107244
61.6666666667 60.4213087975 63.1039437277
61.0 59.0945094509 63.1039437277
61.6666666667 60.4213087975 63.1039437277
62.3333333333 62.0879754642 62.7706103944
61.6666666667 71.0023669034 52.3161982865
56.1666666667 55.4334435583 56.503477243
61.0 54.9094241135 66.5319769967
60.1666666667 71.0290751353 49.3257390255
58.8333333333 70.9787274214 46.5023130432
59.8333333333 74.0994222538 45.6678724585
61.5 65.3894940478 57.6716408096
58.6666666667 66.1586136431 54.1466957153
64.0 77.4303636417 50.7279550771
60.0 71.3137475057 48.6886565943
57.1666666667 72.2716309919 43.1393829766
60.1666666667 72.3434383605 47.9488271408
60.0 73.258866313 46.6839822507
57.5 66.7180521326 48.9211824408
60.6666666667 77.1288814439 44.2644294862
60.8333333333 60.9847543459 61.1177248677
57.1666666667 62.1411457665 53.2693109977
55.3333333333 70.2438083196 46.9302635969
55.1666666667 58.1499975877 53.1072560279
59.6666666667 54.9863163656 66.3971311238
56.3333333333 65.5384248312 47.3912181106
59.3333333333 53.2902281208 66.7353214028
58.0 53.9734683181 62.6782409636
55.0 67.6080834352 43.6188323932
56.1666666667 62.4815726133 50.6356329789
57.0 65.8518726367 48.5837542088
55.5 68.9896657288 47.8622270257
57.1666666667 68.9896657288 50.9373204677
63.0 70.6742102782 55.1990493167
61.8333333333 69.7997813724 54.2979242979
57.0 57.2944485154 60.4304077833
62.8333333333 68.3108942502 58.0361451024
62.0 72.5419876382 51.4833223418
66.5 75.3344190922 57.8727324263
62.1666666667 70.4333319921 54.1117216117
63.3333333333 70.2718676123 56.4440005562
61.1666666667 70.9109216834 51.9658722629
61.3333333333 72.0735785953 51.0030864198
60.5 71.4325529543 49.9228395062
60.6666666667 61.7533401795 61.331317118
59.1666666667 62.129447168 57.165462449
56.8333333333 61.4219109548 52.4866166398
62.5 58.6244944713 65.7314617211
57.0 64.6253552718 52.4810241305
59.5 62.9753458614 57.6280440827
56.6666666667 53.3867255453 62.089120835
56.6666666667 70.2262397839 46.891153925
61.1666666667 74.4432349621 47.0821244358
57.8333333333 60.9126732473 57.1074487787
58.0 57.9439587311 58.0682343483
59.1666666667 67.8178963893 50.102124183
58.1666666667 64.0718142927 51.5167272837
61.3333333333 56.7459148608 65.4623423207
60.5 80.8181938337 40.3308474051
61.8333333333 68.4507740823 55.564099894
59.6666666667 65.2618881083 57.2587272119
56.8333333333 60.1817208618 54.7230028101
61.1666666667 76.9928330261 45.294311117
57.3333333333 62.2389899768 50.8968681812
59.5 63.6314914732 57.2860370308
60.6666666667 75.8739177489 45.2440507209
63.0 63.4890572391 62.1503921647
58.3333333333 59.9897820392 58.9511531789
61.0 61.4679993353 61.6984885286
59.6666666667 51.3333333333 68.0
57.5 65.8007807934 48.5395145965
61.5 79.4146369159 43.101900554
59.6666666667 74.992481203 44.7627401838
57.3333333333 63.4932323445 50.6283460412
59.3333333333 83.0584795322 36.2431077694
63.8333333333 69.0139422105 58.6947910477
64.5 61.3610777644 67.626784047
61.8333333333 56.0586296374 67.080465298
59.1666666667 57.0261437908 60.7142857143
60.5 62.1123321123 60.358723644
59.0 61.2949346405 55.9916274202
61.8333333333 56.0586296374 67.080465298
59.1666666667 65.1571990537 55.0110805094
61.1666666667 80.3563009362 42.0677361854
59.1666666667 54.8922558923 64.5286195286
57.5 57.6363636364 55.7946127946
60.1666666667 78.5286195286 42.6363636364
60.1666666667 67.0057305822 53.2043033237
60.1666666667 80.7469522462 39.770251535
59.6666666667 81.4562666148 38.1945878951
60.5 62.2720797721 61.1093649259
61.1666666667 64.1250987963 59.2596597751
62.8333333333 78.617112318 46.8945001161
60.6666666667 67.3668643017 54.151006599
61.0 55.638716641 67.5710508679
61.3333333333 70.9246038762 56.5126991973
56.5 60.719976996 53.2626788515
60.6666666667 74.9621188534 45.8719895984
58.3333333333 63.1175101733 54.4648841041
58.8333333333 40.5060715875 77.4139333153
59.8333333333 61.8568539864 58.9575462559
57.6666666667 66.7339632157 49.542744933
57.1666666667 60.1731662915 56.2606055103
58.5 74.8527460387 41.8094824475
59.5 65.3844753845 57.058762056
57.5 60.8897243108 55.1871345029
60.8333333333 78.6001842781 42.7516897006
59.5 63.5355227457 55.8736096184
59.0 68.8360854509 49.5476568511
61.8333333333 80.7066606706 42.9672027384
61.5 78.5562363632 44.489699866
72.3333333333 75.61677893 69.03045089
70.8333333333 72.9721221822 68.7185540883
72.0 75.5091714105 68.620483117
72.1666666667 75.7991924414 68.5987797181
72.1666666667 75.8359687961 68.620483117
72.3333333333 76.0034974037 68.7162150866
72.0 74.285523223 69.7428952622
71.5 74.4022770398 68.620483117
70.5 73.8902442698 67.2169743451
71.0 72.9890021074 68.9162400355
72.1666666667 75.8359687961 68.620483117
72.3333333333 76.1241446725 68.6973888368
72.1666666667 75.8359687961 68.620483117
72.1666666667 75.8359687961 68.620483117
72.3333333333 76.0034974037 68.7162150866
72.3333333333 76.0034974037 68.7162150866
72.5 75.666797067 69.4008580189
69.6666666667 71.2827605431 68.041279952
71.0 72.3826146269 69.7434637081
69.8333333333 75.191711093 64.796336636
69.8333333333 75.1455976702 64.7107090259
70.1666666667 72.6748451078 67.6158041336
68.6666666667 72.697563874 64.6932040143
69.0 73.9625766686 64.1679467486
70.1666666667 75.7865012808 64.5519788671
70.3333333333 75.1693318744 65.273937532
69.1666666667 74.8396023436 63.8857263335
68.6666666667 72.697563874 64.6932040143
70.3333333333 73.392715637 67.433232685
68.6666666667 72.697563874 64.6932040143
69.8333333333 75.0152082476 64.8028673835
70.0 75.0152082476 65.120327701
68.5 70.7070707071 66.3433690308
70.6666666667 72.3816014106 69.0318080748
69.6666666667 71.9655862345 67.3580098706
69.5 72.9459783914 65.9974656529
69.6666666667 71.9655862345 67.3580098706
70.6666666667 72.3816014106 69.0318080748
69.6666666667 71.9655862345 67.3580098706
70.0 73.9394424436 66.0246765373
69.8333333333 72.2923836201 67.3580098706
69.0 72.2923836201 65.6777377618
69.1666666667 71.3119914633 67.0178738162
68.8333333333 75.4743849158 62.5593161654
69.6666666667 71.9655862345 67.3580098706
69.6666666667 71.9655862345 67.3580098706
69.6666666667 71.9655862345 67.3580098706
70.5 72.054804025 69.0318080748
69.5 71.2158131861 68.0353928513
69.0 71.4926825354 66.4071209553
70.6666666667 73.0115454445 68.2507247685
70.3333333333 70.3328213006 70.8580530097
68.8333333333 68.6805329278 69.1105000382
69.0 71.2899605373 66.4679562227
69.8333333333 70.8817566344 68.6603757897
70.0 74.4161320442 66.2534507162
69.5 72.5737176591 66.7012323867
69.5 71.3038763893 68.1047411586
69.5 71.3038763893 68.1047411586
69.5 71.3038763893 68.1047411586
68.5 67.6704319177 69.4405330415
69.5 71.3038763893 68.2120521598
69.8333333333 72.274931478 67.7646051042
69.8333333333 74.1796933827 65.6593419463
70.0 71.6213367067 68.7850132675
69.5 72.4378783772 66.7119735253
70.0 74.7852021067 65.209575239
70.3333333333 72.8427271724 68.1310167491
69.8333333333 73.7718743411 66.6043279092
70.5 74.8146140177 66.3610963323
69.8333333333 72.274931478 67.7646051042
70.1666666667 72.8911779766 67.7323816885
69.8333333333 72.274931478 67.7646051042
70.0 73.5447727478 66.7119735253
69.5 72.274931478 67.1701617194
69.6666666667 73.8622330653 65.6593419463
70.1666666667 73.1510737966 67.5081003541
70.0 72.6231852576 67.8643941192
66.5 76.7658665508 57.2745389126
71.0 75.1880967441 67.0056315689
69.6666666667 73.4544140237 66.6043279092
69.6666666667 73.2273124303 66.3610963323
69.6666666667 73.5447727478 66.0102191393
69.6666666667 73.5447727478 66.0102191393
71.5 74.445347216 68.7282193265
69.6666666667 73.5447727478 66.0102191393
70.1666666667 72.1470915711 68.4987678099
70.5 70.6424055183 70.2297858965
69.1666666667 72.7553386946 65.6593419463
70.0 74.8706364266 65.1832853161
71.0 75.1880967441 67.0056315689
69.3333333333 73.8164163983 65.1612881653
69.6666666667 74.1610192464 65.2762413377
69.6666666667 70.8598234884 68.1868131868
69.5 73.1146620124 66.1765325469
70.1666666667 73.801636436 66.6805800856
69.8333333333 73.5354356796 66.3396140552
70.8333333333 71.7612268275 70.0155299728
70.0 69.3623089552 70.7455669579
70.0 73.7152391174 66.2459498229
70.8333333333 71.929459956 70.0990794744
69.5 72.4493194106 66.8228889758
70.0 71.9387970242 68.4341360745
70.6666666667 71.3602760475 70.0472144479
69.5 70.4149405341 68.8408050531
71.0 71.6026625704 70.8580530097
71.1666666667 70.0134747007 72.357445471
69.8333333333 71.3038763893 68.8923242686
69.8333333333 72.8020240354 66.937671281
69.6666666667 71.0741643512 68.4359043807
69.0 73.6547091955 64.9036476371
69.5 71.4854974248 67.7646051042
69.1666666667 70.8505767899 67.7646051042
69.1666666667 70.8505767899 67.7646051042
70.0 72.0620304334 68.0812944516
70.6666666667 73.9488228863 67.3720745935
69.5 72.2864849209 67.2598476833
69.5 72.6767661587 66.2073076653
70.0 74.8706364266 65.1832853161
70.1666666667 74.5941387308 65.9243904153
70.3333333333 75.2290593657 65.5735132223
69.6666666667 75.1974338122 64.1914867275
70.0 74.8706364266 65.1832853161
70.0 75.2290593657 64.8717588363
70.0 74.3947585755 65.5864522622
69.3333333333 71.3966878316 67.4206599991
71.1666666667 75.5055570615 67.0056315689
71.0 75.1880967441 67.0056315689
70.3333333333 73.1794275091 67.8009837458
71.0 75.1880967441 67.0056315689
71.0 75.1880967441 67.0056315689
71.0 73.2014095961 69.060802875
68.8333333333 75.0965129615 62.7527494391
69.5 72.8063153882 66.4814201785
69.0 74.0893346586 64.4990647513
69.8333333333 72.4696150515 67.4715191884
70.0 72.3826146269 67.8135564316
69.8333333333 71.3038763893 68.8923242686
68.6666666667 71.3602760475 65.977643357
69.1666666667 72.3745565553 66.0782248438
70.0 72.9005150447 67.3815044956
69.8333333333 72.9005150447 67.0413684411
69.6666666667 71.3038763893 68.5521882142
69.0 72.7779616757 65.5164665403
70.6666666667 73.392715637 68.0681533199
70.5 72.9005150447 68.4448772131
69.8333333333 71.6306737749 68.5521882142
69.5 73.1146620124 66.1765325469
70.6666666667 72.8476521487 68.8544931291
70.6666666667 70.4735872462 71.0876042011
70.6666666667 72.9005150447 68.7850132675
70.0 71.6306737749 68.8923242686
69.8333333333 71.6306737749 68.5521882142
62.3333333333 41.9328094586 83.1525628291
56.5 41.9675562533 71.6299019608
55.3333333333 75.1811594203 36.3811728395
58.8333333333 57.7618240972 58.369644154
58.8333333333 46.5941347212 72.2935308444
57.5 52.8332982678 60.5530006245
57.6666666667 50.4905808477 65.8088235294
59.6666666667 64.4050979215 55.0306275648
56.3333333333 64.8979550659 52.1310289362
59.1666666667 35.841123678 82.823908184
58.1666666667 47.2510926501 70.2419844527
57.8333333333 50.3244876335 66.8681318681
57.8333333333 32.1022920629 83.8044907083
57.5 46.4560599666 70.0991644723
58.8333333333 46.9274680546 71.9601975111
60.0 63.5528976078 57.5686117506
61.1666666667 56.2640347434 67.2026031487
61.3333333333 41.3132313231 81.3053305331
61.0 56.6547654765 65.303730373
63.3333333333 43.8235113493 83.0602083267
60.5 57.6316629152 64.6071979771
62.8333333333 42.8619728877 83.0602083267
60.0 50.737607094 69.4674467447
60.0 50.6698320725 66.336996337
64.8333333333 50.6435976931 78.9953662033
62.5 43.1986732244 82.0701093168
62.8333333333 42.8619728877 83.0602083267
62.6666666667 41.9732973297 83.3255325533
62.8333333333 42.8619728877 83.0602083267
63.3333333333 43.8235113493 83.0602083267
58.6666666667 69.0126679335 48.3653698703
56.6666666667 47.5421560375 65.7166907167
53.5 51.588743144 57.6931476931
58.0 42.4999415574 74.0461757859
58.1666666667 76.9734520622 38.8230753214
57.1666666667 42.6666666667 71.6666666667
60.3333333333 67.2817736871 53.3913013294
56.8333333333 53.2234715051 62.4431096316
57.8333333333 43.0295674387 74.0299470677
58.8333333333 41.1917619281 76.9537540787
56.5 56.094174096 62.2136464072
57.3333333333 57.0112893642 58.405738533
56.8333333333 62.2647527911 55.1322751323
56.1666666667 58.7661042719 54.8329091328
59.6666666667 77.4023423803 41.3925208987
55.0 77.9528619529 33.6127946128
55.3333333333 47.797017797 64.5736628319
54.8333333333 62.5343701379 50.7295482295
57.1666666667 48.034926303 65.8346869086
57.5 57.551173848 57.1678938664
57.0 45.6222666145 68.9985241408
57.6666666667 70.0336700337 46.0126624907
57.5 44.3601440576 70.6577297586
57.5 23.9441756084 91.0028688703
57.5 44.3601440576 70.6577297586
57.0 63.9609222133 51.2824387351
57.6666666667 45.3601440576 69.9910630919
59.8333333333 43.1694499709 73.5068376584
56.6666666667 55.6616873554 57.716993798
57.6666666667 64.7432685949 51.8402310872
56.8333333333 41.8195227488 72.1259876139
58.1666666667 48.4272917088 67.458902753
54.6666666667 53.0689555442 58.5978498198
58.1666666667 48.2642541553 69.0874387568
55.3333333333 56.9733735419 53.5387631462
59.0 54.3337096167 61.1241403396
54.5 54.3466177365 58.0618959801
57.0 56.6820955186 57.3711596715
57.5 52.8796992481 63.3976608187
54.6666666667 52.8390244886 59.8948581257
55.8333333333 44.9720475192 70.5280195573
55.1666666667 68.8222472028 45.8827140345
58.5 36.0048338167 81.0162349568
57.5 47.0103251657 68.7612454393
56.1666666667 67.3116123642 46.9289891395
55.8333333333 48.2185124242 66.7083016545
57.6666666667 47.3892512331 68.8301087766
57.6666666667 43.3771367521 73.5341880342
58.8333333333 44.5674269708 72.2765106042
57.5 65.8745933072 51.9506905061
59.3333333333 82.3057371097 36.4190261085
54.6666666667 66.1134235626 46.3293357197
58.3333333333 51.1977093163 65.1526803166
56.3333333333 49.126867094 65.9732044042
58.5 49.8276886512 71.4361300076
55.8333333333 42.8202044377 72.28616024
58.5 61.3831506854 51.7529804194
58.1666666667 63.1963093025 54.1593723659
58.0 64.5435896201 53.9909684914
56.1666666667 62.9280335216 51.8661460499
53.6666666667 59.3979200876 54.7115489874
59.1666666667 48.3085661249 71.9661407069
58.1666666667 47.6338062107 71.3331057952
57.1666666667 69.6521653608 50.6575559354
55.6666666667 64.3790251229 50.4919456193
56.3333333333 27.6495205615 85.0942554133
55.6666666667 64.9249403421 52.9617131371
55.1666666667 68.8222472028 45.8827140345
56.3333333333 51.3167013167 65.4543059707
59.8333333333 82.5113271206 37.174826718
58.6666666667 50.4118629908 67.6182121972
60.5 70.0413773757 50.8641010484
58.5 71.1080337424 46.8962682534
59.5 61.5437581767 57.1808338196
61.5 67.7262824322 55.3613524618
59.6666666667 66.371530387 53.8366411857
59.6666666667 66.371530387 53.8366411857
59.5 76.2988305999 42.6985394598
56.6666666667 66.2328719961 48.0613369643
57.0 48.4372144278 69.0800290135
56.6666666667 35.6902029437 77.883357433
57.5 45.7401394901 70.8669379084
56.1666666667 60.8253968254 53.4519632414
58.5 45.0108390205 74.235648334
57.1666666667 80.2030075188 34.0726817043
57.6666666667 50.4733480954 67.1622973089
57.6666666667 26.2300127945 88.5615456257
58.3333333333 49.0112170136 68.9458100943
57.0 70.0824003252 46.9343038711
58.3333333333 50.0385969991 68.8935267845
59.5 68.9284640667 49.9720452873
55.0 44.3055555556 65.7574786325
53.6666666667 44.3081961058 66.2662199834
57.1666666667 48.149540518 68.0785296575
54.5 46.3672470733 70.6836048701
55.5 59.1796026385 58.3122288638
56.5 44.6313946703 69.7479859533
56.6666666667 43.0795130795 70.3771325145
58.5 26.6744472541 90.4289747297
58.3333333333 64.6616346616 55.4408682458
57.8333333333 48.1847851047 69.1326762203
55.0 45.6026921814 67.5566876336
60.6666666667 82.9122403479 38.5949503821
58.5 45.4772007813 71.1527035056
59.5 63.635720955 55.3633453381
59.5 82.3771367521 36.6517094017
57.3333333333 46.3602360236 68.4042737607
60.1666666667 37.3328332833 82.99879988
57.6666666667 52.1970631507 63.4915342262
59.5 44.6832854049 74.1999503348
59.8333333333 46.216460134 73.1110884147
59.6666666667 42.5729823508 76.4405631735
59.8333333333 44.0098847315 75.5328991637
59.5 41.5359649896 77.8612539652
62.6666666667 48.2353604776 77.5845242291
59.5 44.6832854049 74.1999503348
59.1666666667 44.0422597639 74.1999503348
60.3333333333 46.3097309731 74.3085641898
59.5 44.6832854049 74.1999503348
60.3333333333 41.1576443793 79.7555058904
60.5 45.0500578078 75.9660674805
56.3333333333 43.7341336734 70.0771152384
51.3333333333 51.2849878925 53.8543475837
53.0 47.3672370561 60.1434777177
51.6666666667 48.8679173063 57.2467564217
53.5 50.0893096275 58.0675024276
60.3333333333 67.7659369523 54.7148286167
53.6666666667 58.3914306463 49.6448065392
54.0 29.7162557633 78.1052586333
50.8333333333 31.4660700879 70.246792689
51.5 49.9036368203 56.1061142744
52.3333333333 45.9030539405 61.0871679354
52.3333333333 46.8257565685 60.1184599534
51.1666666667 44.4688542116 60.1184599534
58.8333333333 48.8154715618 68.3771765455
56.5 48.1017556018 65.0030532487
55.8333333333 46.5136608724 65.5494505495
57.8333333333 61.4174836601 54.4217687075
55.5 42.8820919475 65.8360956154
55.6666666667 47.3327123118 63.978896795
56.6666666667 36.1597542243 77.5035720141
58.1666666667 48.4477124183 68.1907378336
54.1666666667 37.6558061821 70.6274018379
54.6666666667 42.377372969 66.9316384746
52.5 42.0769789397 63.8399075045
57.0 56.1887254902 58.2025117739
56.8333333333 58.1495098039 55.821559393
60.0 52.6361655773 67.4406442419
50.3333333333 34.8767507003 65.5772975857
52.3333333333 48.2463768116 54.9549114332
53.5 40.0138530716 65.9824046921
55.8333333333 59.5920558239 52.831454643
57.8333333333 45.3333333333 70.3333333333
57.0 36.3557422969 77.6741363212
52.0 42.3532079498 61.7537681739
54.0 52.093637455 56.04188342
54.6666666667 48.0858829844 61.8969404187
56.1666666667 43.6612989801 68.9672571122
55.6666666667 47.1599570585 65.0128824477
56.3333333333 54.6603974923 57.9506469254
54.3333333333 43.8823607914 65.3107797017
57.5 33.4506083684 81.321277289
55.1666666667 51.3806484793 59.6474195197
57.3333333333 42.3835470085 73.1794871795
56.3333333333 56.1101443478 56.7574757476
52.6666666667 43.910285924 61.9265005171
56.8333333333 40.7725619724 73.2112901611
55.3333333333 47.0096009601 63.6544321099
54.8333333333 48.9305374837 60.5910986555
55.3333333333 42.7913789077 68.223401061
54.6666666667 51.3263270277 57.9717745971
55.1666666667 35.0002484626 75.4399768426
55.1666666667 57.3070973764 52.9968663533
57.5 43.3310917966 73.3831613872
57.6666666667 35.7586494512 79.7256197244
56.0 41.0455712238 71.0087008701
56.1666666667 42.9392939294 69.2483581692
53.0 37.5481600107 68.0854102025
55.1666666667 40.8232409168 69.0854102025
53.3333333333 41.1092316418 64.9914256164
56.8333333333 52.0336302672 61.5225369499
55.6666666667 57.5541515762 54.2863327124
55.1666666667 37.8738531345 72.9865545658
58.3333333333 33.5749785085 83.2142665162
51.5 33.374032882 69.9029726388
55.0 43.5933806147 66.9683653174
55.8333333333 33.0887076698 77.9020605175
59.3333333333 49.7938158178 68.6436327474
56.1666666667 43.5049967763 69.5111003602
59.8333333333 52.4380775844 67.5232489383
53.8333333333 38.8877200365 69.1478887586
54.5 45.9340356676 64.2352330934
57.5 48.5106568306 66.2905019326
56.1666666667 48.6838721743 64.2871742463
56.0 45.985958486 68.0293001234
57.5 49.9229789565 65.5868506077
57.3333333333 50.5934189538 64.5829539033
55.5 53.0097680098 60.3475910725
59.0 59.0373931624 59.0790598291
54.8333333333 50.7985504043 59.8137986023
54.8333333333 44.820642672 66.066386594
56.0 43.6655982906 69.0128205128
57.3333333333 42.684321851 73.7814872326
57.3333333333 42.3835470085 73.1794871795
55.6666666667 54.9578317692 56.3532935335
54.8333333333 49.0990485541 60.8747215459
57.6666666667 36.4058986421 79.0589530578
57.1666666667 33.3652620692 81.0492443199
57.5 36.0422380142 79.0589530578
57.8333333333 36.7295232376 79.0589530578
59.0 40.6937485949 77.4387281473
52.8333333333 35.1502352117 70.8002869249
55.5 41.0440396357 69.9716745071
57.1666666667 41.9590959096 72.2852618595
55.8333333333 40.7055038837 71.0054005401
57.1666666667 58.7708104144 55.7634763476
52.6666666667 30.1026256965 74.693824442
58.1666666667 49.2717779335 67.0305274747
54.6666666667 50.6911887365 58.518933707
53.8333333333 65.7593167184 42.7614186101
56.8333333333 48.7379308044 64.8273446101
54.8333333333 39.0514098982 70.4493804556
57.3333333333 52.3572548627 62.1788943382
57.5 50.0415373836 64.8782904614
57.3333333333 52.3572548627 62.1788943382
57.0 52.3572548627 61.5316451473
59.0 51.3502683602 66.7275727573
59.3333333333 71.3419217285 47.4148082284
55.5 43.036737007 68.0575390872
55.5 43.036737007 68.0575390872
55.5 43.036737007 68.0575390872
60.0 56.0840084008 64.1274460779
57.0 45.3692355754 69.4426420797
59.0 49.3668366837 68.7275060839
57.5 42.559983926 72.8221760283
56.8333333333 40.3964729806 73.4447444744
55.6666666667 41.3700703404 70.0575390872
55.5 43.036737007 68.0575390872
56.5 43.7034036737 69.3908724206
57.3333333333 49.5042170884 65.5437543754
59.6666666667 63.00420042 56.3537687102
52.6666666667 45.297129713 59.9832649932
54.5 41.6667666767 67.3906724006
54.5 41.6667666767 67.3906724006
54.6666666667 48.0741740841 61.4533786712
58.1666666667 56.4259080423 61.5048840049
64.3333333333 61.0046671334 67.67073374
56.6666666667 43.0135680235 70.3609694303
54.5 41.6667666767 67.3906724006
56.5 49.00010001 64.0573390672
55.1666666667 41.6667666767 68.7240057339
55.6666666667 44.00010001 67.3906724006
58.8333333333 36.9529619629 80.6052605261
55.6666666667 54.9480948095 56.2527586092
55.6666666667 54.9480948095 56.2527586092
54.6666666667 55.9480948095 53.2527586092
61.5 49.9367936794 72.9348934893
57.6666666667 50.9810314365 64.3301996866
60.5 53.7172717272 67.4407107377
57.0 48.5507884122 65.1636496983
58.3333333333 50.3476347635 66.300430043
55.6666666667 58.6147614761 52.5860919425
57.8333333333 49.2241890856 66.1537487082
57.6666666667 55.5979264593 59.5431876521
57.0 58.3150981765 55.5994266093
54.6666666667 39.6865686569 69.734106744
54.6666666667 39.6865686569 69.734106744
56.6666666667 46.7540420709 66.8271160449
57.6666666667 67.6539782177 50.3937728938
62.1666666667 47.6833350002 76.6482981631
56.8333333333 41.0333700037 72.7044037737
56.0 37.0463046305 75.1213121312
54.6666666667 39.6865686569 69.734106744
54.6666666667 39.6865686569 69.734106744
55.1666666667 42.0199019902 68.4007734107
59.5 32.3324999167 86.6658665867
54.6666666667 39.6865686569 69.734106744
56.6666666667 46.7540420709 66.8271160449
57.5 66.7365470251 51.1263736264
62.1666666667 47.6833350002 76.6482981631
57.3333333333 40.0232689936 74.6846017935
56.0 37.0463046305 75.1213121312
54.6666666667 39.6865686569 69.734106744
54.6666666667 39.6865686569 69.734106744
55.1666666667 42.0199019902 68.4007734107
59.5 32.3324999167 86.6658665867
56.6666666667 46.7540420709 66.8271160449
55.1666666667 41.9901323466 68.3839383938
62.1666666667 47.6833350002 76.6482981631
56.8333333333 41.0333700037 72.7044037737
56.0 37.0463046305 75.1213121312
54.6666666667 39.6865686569 69.734106744
54.6666666667 39.6865686569 69.734106744
55.1666666667 42.0199019902 68.4007734107
57.5 42.8935560223 71.8510517718
55.8333333333 44.7671767177 67.1638163816
59.6666666667 54.4141080775 65.1604493783
56.6666666667 46.7540420709 66.8271160449
56.6666666667 46.7540420709 66.8271160449
58.1666666667 56.0873754042 60.4937827116
56.6666666667 46.7540420709 66.8271160449
59.6666666667 46.3836717005 73.0812414575
56.6666666667 55.698269827 57.729606294
57.1666666667 69.7519314341 47.5244200244
57.5 68.5714094104 48.9285714286
57.6666666667 67.6539782177 50.3937728938
57.6666666667 67.6539782177 50.3937728938
57.6666666667 67.6539782177 50.3937728938
57.6666666667 67.6539782177 50.3937728938
57.6666666667 67.6539782177 50.3937728938
61.8333333333 48.6934360103 74.9981331466
63.5 45.0430709738 82.0355035504
61.6666666667 47.6833350002 75.6482981631
62.1666666667 47.6833350002 76.6482981631
60.6666666667 46.6833350002 74.6482981631
61.0 39.6592325899 82.3391339134
58.1666666667 38.3931059773 78.0916091609
56.8333333333 41.0333700037 72.7044037737
56.8333333333 41.0333700037 72.7044037737
57.3333333333 43.366703337 71.3710704404
59.5 32.3324999167 86.6658665867
56.0 37.0463046305 75.1213121312
56.0 37.0463046305 75.1213121312
56.5 39.3796379638 73.7879787979
59.5 32.3324999167 86.6658665867
54.6666666667 39.6865686569 69.734106744
55.1666666667 42.0199019902 68.4007734107
59.5 32.3324999167 86.6658665867
55.1666666667 42.0199019902 68.4007734107
59.5 32.3324999167 86.6658665867
59.1666666667 65.9956328966 52.3324999167
54.5 56.6937027036 52.3669700303
49.8333333333 47.4203542803 52.4559318677
52.0 65.391201803 43.470966782
55.1666666667 85.7009381957 24.6748243281
56.5 67.6869719739 45.4191331769
51.3333333333 33.2774934047 69.2407821274
58.0 44.64599173 71.2782446312
58.3333333333 40.420751634 76.4194139194
54.1666666667 67.511965951 43.1923411453
52.1666666667 63.0308631591 40.1780159512
51.6666666667 65.62793338 42.5000929956
52.0 47.7059019784 56.4172088213
55.0 78.0649913667 33.9641814868
52.6666666667 66.5490396465 39.6956308297
53.6666666667 71.0409356725 35.7852965748
54.8333333333 45.1635401635 64.8476436712
54.5 60.2034146992 48.6073095905
49.5 67.6959721665 31.4244613944
54.5 46.9052396745 61.4897321083
52.1666666667 58.9081035923 46.7510442774
53.6666666667 73.8646616541 32.5288220551
55.5 65.4937343358 45.2681704261
54.8333333333 73.4494569758 36.0350877193
56.6666666667 67.9607351713 45.440267335
54.6666666667 72.0091896408 36.8028404344
48.5 59.8206782392 39.7089921597
53.5 64.086992932 43.2173650889
62.0 72.5490196078 51.299925911
53.8333333333 62.8979931267 44.5774598499
55.3333333333 41.6256959029 68.9878987899
51.3333333333 36.3236961451 67.0900178253
53.5 83.3225875779 24.3384131592
53.5 79.1677993987 28.4264756509
50.5 60.862560433 39.9476375384
52.6666666667 43.6754936755 62.9344282743
55.6666666667 83.3619590965 27.9894905415
56.0 76.6616894483 35.4987373737
59.1666666667 61.2545617297 58.2247293004
55.1666666667 73.7880723705 36.134475098
56.5 82.8599132671 29.9390759745
57.0 82.183254759 31.4972643416
56.6666666667 81.9035947712 31.2074829932
53.6666666667 64.1817987467 42.564033189
56.3333333333 81.030075188 31.8379281537
52.8333333333 83.7826797386 21.559392988
58.0 80.679197995 35.2247284879
55.8333333333 51.435638067 60.5607511207
52.1666666667 55.535454649 49.7846372326
55.5 47.0306697336 63.963463013
51.1666666667 51.3174301979 52.979913067
54.3333333333 77.6458540405 30.7531846974
56.0 65.1604854738 47.0773531865
51.8333333333 66.8112391495 37.9862475772
46.5 43.9207375594 52.015889098
57.8333333333 81.0027132951 34.0282718655
58.5 64.3181662081 53.9736284918
61.5 66.875696767 57.0216049383
59.8333333333 60.8282227032 59.0703290977
56.8333333333 63.8572538573 49.0693809442
58.5 67.1165055574 49.5772332211
58.3333333333 65.1145151145 51.9932849554
58.5 59.6965996966 57.4503016051
56.1666666667 50.7676759161 62.1284942221
56.8333333333 62.7023623415 51.7484367484
55.3333333333 53.4201665781 58.1302811132
53.1666666667 60.6167570077 45.6118942422
53.5 59.3806415216 49.5277643391
52.6666666667 47.5381646701 58.2809015983
53.1666666667 64.4041478616 44.5643175832
56.8333333333 68.1375223303 46.6398194498
57.1666666667 41.0258980785 73.3024227235
55.0 85.7790947675 24.3763501257
55.3333333333 58.8037235096 51.4885161986
54.3333333333 65.5881370092 43.462823726
55.3333333333 40.6454978831 70.0013668033
58.0 86.9922658933 29.035336867
56.8333333333 67.2926976989 45.539592181
56.0 57.4693308457 55.9503913917
51.6666666667 43.1849254097 63.4548521846
51.0 52.3619818878 54.5863858364
54.5 84.2101141532 24.8559984742
51.0 66.2547970304 36.0519165864
54.3333333333 78.2731863035 31.0093069486
54.1666666667 69.4261294261 39.9868890498
56.0 82.0 30.0
53.3333333333 71.870327694 33.6097934293
51.8333333333 56.9259259259 47.9865319865
55.8333333333 80.1235654273 33.0667057429
52.0 64.0 40.0
52.5 60.2562707219 48.8433529256
54.8333333333 84.7678460993 24.9881417704
53.5 48.0769230769 59.3364197531
51.0 62.6126216649 41.254899596
55.3333333333 48.6902677819 62.6557873718
58.5 64.1686188933 53.2621775125
52.3333333333 68.8836864655 36.4005281963
58.0 51.7153356673 64.6817396073
50.1666666667 28.0900035503 73.1333963162
51.1666666667 66.3999249747 38.0635121644
50.3333333333 58.621376848 43.2819420156
55.0 64.3526027031 45.8176100629
52.6666666667 43.972254041 62.8548312529
52.6666666667 73.8218015447 32.5109382433
53.8333333333 55.7205737183 53.1715825559
49.6666666667 46.2495972205 53.5967392979
58.1666666667 70.9607085542 47.7195003638
52.0 52.8858529057 51.6764259032
56.1666666667 45.3221786755 67.4878571668
54.8333333333 39.6490779393 71.3544172725
54.3333333333 55.3211233798 53.2999568367
52.8333333333 62.0428369368 43.7314319667
50.0 65.2436079521 36.2536385084
48.0 45.2300920368 51.2166199813
51.6666666667 71.3604293554 34.0372312989
53.8333333333 68.4000439865 39.3495890808
55.1666666667 60.9840065058 49.904902443
52.0 52.7685917326 50.7181463317
56.0 62.9310798236 50.8466057617
56.8333333333 56.3541464047 57.2436824348
50.0 55.9168008588 45.998389694
53.8333333333 56.3316993464 51.9950287807
54.0 58.6734693878 48.7336601307
55.3333333333 65.2982026144 45.3950811094
55.3333333333 55.9048952914 54.6443910898
57.1666666667 63.6622174122 50.7384321428
54.1666666667 65.7264957265 43.1375744407
58.0 45.7395920783 70.8021957885
52.6666666667 51.6852841705 55.5590035705
50.5 60.472275951 44.2721604042
52.5 56.5792184487 50.4881991138
53.1666666667 61.6138802562 44.4391252101
51.3333333333 47.6034274152 56.2311991125
53.0 65.9224831463 43.2243582781
54.6666666667 68.0697158501 41.3074689412
58.8333333333 60.9376438143 57.2767813635
57.6666666667 70.9102035037 46.0954132643
56.3333333333 63.5472886407 51.2520548684
58.0 56.0581870501 59.8757112908
56.6666666667 58.0070734043 58.4666639718
57.5 57.974435559 57.2409999438
58.1666666667 55.9217986158 60.2371058486
53.1666666667 44.9128923815 61.7487991199
56.5 59.3302639042 53.05758516
51.1666666667 64.0777193462 37.8736454932
50.3333333333 61.4867617654 40.5263609409
49.8333333333 58.4134229373 42.4544141699
49.8333333333 58.0412438043 42.7022185282
53.6666666667 70.1129111438 36.6596197328
54.5 67.2290598805 42.7161348354
58.1666666667 49.2788152997 67.6663136613
55.1666666667 62.8611111111 48.6688034188
56.1666666667 51.7839261185 60.6796783635
56.5 43.8003815581 69.4294914928
57.6666666667 54.2287192929 59.8554961858
53.6666666667 49.2358605175 57.7865038337
52.0 59.3302210984 44.7600358053
56.0 62.6504447933 49.3055555556
56.3333333333 45.6506602641 66.9530478858
57.3333333333 58.9553558866 54.1131274157
49.1666666667 48.7045975984 53.3664788893
52.0 51.7834606421 52.8293851905
49.3333333333 43.1354700829 59.2105771204
54.8333333333 68.3193312839 41.2694049582
51.0 52.5438596491 50.9649122807
50.8333333333 45.3204665705 57.6158455927
52.5 59.6967030848 44.1854081345
48.0 56.4772491239 39.6549506642
55.1666666667 68.6262104039 41.7065900138
51.6666666667 76.7569005221 28.4762803906
50.8333333333 51.0660660661 51.6194593419
53.5 55.5592555593 52.0496361563
53.5 56.3040153168 51.0763989175
55.3333333333 63.7790954993 47.2591963246
54.3333333333 50.5206082433 58.5339469121
51.0 38.6461499493 65.5803316181
53.8333333333 62.4164790186 46.045026389
52.8333333333 66.4708404515 40.1633001708
50.8333333333 40.9234451116 62.611406215
56.6666666667 66.7096897797 46.5346699883
55.6666666667 65.3935185185 46.1956521739
52.3333333333 46.0765160765 59.3344839071
54.3333333333 64.8399625044 44.3262746739
54.1666666667 56.6127019009 51.6405051773
55.0 64.8434906609 45.4283767672
52.6666666667 32.7945278266 72.7347756153
52.8333333333 50.9512601746 57.4133206284
50.6666666667 64.8521882012 37.238595272
53.6666666667 61.5262515263 46.2614678899
53.5 67.8210821679 40.254786282
56.3333333333 64.982094125 47.8401876012
57.5 68.275692857 47.0448270851
56.8333333333 64.3957906787 49.4302977902
55.3333333333 65.2374258044 45.3197929016
53.1666666667 60.1100884606 47.087445395
52.6666666667 47.6682576683 58.9972177646
55.1666666667 61.6888511281 49.1721575444
53.8333333333 46.5060865061 62.1603200075
55.3333333333 55.9355783583 55.2563963921
53.8333333333 68.185356072 39.9626977261
55.1666666667 64.4871423747 46.6635300552
58.1666666667 60.0357517221 56.8849416471
54.1666666667 72.1232940595 37.8664241112
54.3333333333 56.75166171 55.2098717345
56.6666666667 63.2214163666 51.3033680064
54.8333333333 63.3854299819 48.5193450734
56.3333333333 62.0816003169 50.8318178757
54.3333333333 71.9251336898 36.6673402034
54.8333333333 51.926903938 57.5574021926
54.1666666667 52.1129917722 55.8827492947
53.0 67.0157162425 39.0555742467
53.6666666667 73.1246674764 34.3718562694
52.8333333333 63.2587773052 42.3390154549
54.6666666667 60.2790336494 49.017372932
56.8333333333 64.6495092202 48.9805925312
56.1666666667 47.3857543017 64.4237695078
54.5 49.8114097124 59.4375123787
52.1666666667 56.1417438995 47.8065555342
55.1666666667 66.8162797765 43.7525758046
55.0 56.2201118071 53.5551594375
55.8333333333 80.081585899 31.8066201101
53.5 55.8526440879 51.6232235468
54.3333333333 47.7917837549 61.7608724742
49.3333333333 49.445611578 56.8191311612
52.1666666667 36.6625816993 67.0591313448
52.0 76.2472394193 29.7014280867
53.0 72.0045695046 34.8130369717
55.5 68.5661764706 42.4123495552
51.6666666667 55.383086568 48.0852340936
54.3333333333 75.1664659441 34.790044159
55.0 79.4887732292 30.6761752244
53.3333333333 54.7573400856 53.2594625018
52.8333333333 68.4924328049 40.1406240999
51.8333333333 55.986014962 48.8007724748
50.3333333333 53.2112332112 47.6272868716
55.6666666667 79.8336671274 31.7914888816
50.8333333333 57.5485019421 44.4103139538
57.8333333333 73.3696466008 42.3293540002
53.8333333333 45.3871304952 62.5373448348
56.1666666667 52.8311615356 59.7414061168
55.6666666667 47.9047619048 63.2845138055
48.1666666667 56.7186544839 43.0172969518
53.6666666667 69.8107477414 37.8397839784
50.3333333333 60.6419753086 42.5636070853
51.0 38.9433600252 63.6416309915
50.6666666667 53.3950524512 49.8286462351
59.3333333333 63.3943176998 55.9160296421
51.5 54.5332132252 48.7785673773
53.1666666667 41.4705354783 66.2029914357
53.8333333333 74.0981216428 33.1135355153
49.5 68.9422147002 32.1040961135
52.6666666667 64.6405228758 41.1135758651
53.3333333333 56.7804292565 50.0427550685
53.3333333333 48.9368118381 58.0100260169
52.0 71.5711462451 35.9722222222
58.8333333333 68.6110611061 48.9534953495
59.5 55.6781045752 63.9652014652
57.8333333333 71.379725017 44.987974988
58.1666666667 74.4157068768 42.1073479897
58.1666666667 62.4183006536 54.5787545788
58.8333333333 71.2748538012 45.3842940685
58.3333333333 76.8643162393 40.1014957265
58.5 78.2246948015 41.4504861701
57.8333333333 51.2351682552 64.9831302073
54.0 46.724987975 60.7260392031
52.6666666667 47.0768362464 57.7590180919
51.8333333333 70.6763109822 35.8805031447
47.1666666667 53.0492898914 42.5329991646
52.5 47.3262638389 57.7077497666
52.6666666667 60.8307395285 46.8517003091
57.5 60.195811658 54.5740963052
54.8333333333 47.4442134747 62.4591473818
54.1666666667 45.7429278404 62.7941791603
56.6666666667 53.6202599852 59.7048920578
54.3333333333 39.0809362459 68.9659833702
57.1666666667 53.2961359408 60.3291799864
54.3333333333 40.0373931624 68.7457264957
54.0 41.6716868173 66.4383388005
51.5 38.5095621938 66.1516769806
53.5 52.6338278765 54.9124014888
53.1666666667 56.5981620718 51.7042606516
50.1666666667 51.7311971161 50.466350062
50.1666666667 60.5505430242 40.1695906433
50.0 50.0598290598 50.7670940171
52.5 75.8696581197 30.6816239316
47.3333333333 52.8856861029 43.5408102365
51.3333333333 75.2356856721 28.3251854603
52.3333333333 67.7709890339 37.7448212054
53.5 59.815016803 47.4516156461
50.5 72.1168677978 32.2915553943
50.3333333333 58.8974743936 42.159243319
58.3333333333 68.6551543694 48.1004901961
48.1666666667 58.333501361 40.4805255906
55.1666666667 49.0951178451 60.5847396481
54.6666666667 57.0094482727 52.9920037008
47.3333333333 75.1137400075 22.735042735
50.3333333333 69.3996918233 31.5080226443
42.5 46.4960375765 43.0250525983
48.8333333333 48.8088537227 49.261823953
51.8333333333 65.8269230769 38.7916666667
55.5 53.5900590059 57.2239223922
58.0 54.131204356 62.2770757887
53.6666666667 48.4485331183 59.2583257721
57.5 69.5952877629 46.4860686837
58.0 70.0811081108 46.0699403274
57.1666666667 68.6213229264 45.7667860517
58.5 69.7117316934 47.3971502504
58.0 68.4811267274 47.0939903512
58.3333333333 59.9398171805 56.5595997849
51.8333333333 54.3923375802 49.55783986
47.5 67.3736030518 25.7873730044
51.8333333333 64.2666653292 38.2524969822
49.8333333333 58.5638242739 41.694069103
52.3333333333 60.1202139135 43.0558827062
53.6666666667 78.2131811327 30.08168902
54.8333333333 37.0047479618 72.6961234632
54.6666666667 24.4245952094 84.6566305366
52.5 24.9507215593 79.9611940996
54.8333333333 28.1027187507 81.7252296933
52.8333333333 33.4532876365 72.0842352092
52.8333333333 71.5767819155 36.5256611928
49.8333333333 69.4397464063 32.1034576149
53.1666666667 42.3682648182 66.1330648612
53.5 30.4014939309 76.7342937175
48.3333333333 54.15810306 47.5473293449
54.8333333333 74.6589943331 33.5467306523
49.1666666667 58.8053002204 43.0941059531
47.8333333333 73.533056092 27.6932792706
48.8333333333 81.2533013205 16.8524743231
55.1666666667 93.0906652184 17.8432805588
49.6666666667 61.8464143985 39.1702741703
47.3333333333 53.1826923077 43.2019230769
53.6666666667 88.9640213738 17.0589838889
48.3333333333 55.7410921358 42.7287176553
55.3333333333 95.6648331279 14.9592070505
54.6666666667 95.6941055992 13.7741215522
52.8333333333 58.2433875776 47.9167959246
58.8333333333 67.9358813902 49.5031660463
58.0 64.5220588235 51.936159079
58.3333333333 60.6113799633 56.4375715922
57.1666666667 62.3027868773 51.7820432517
59.3333333333 60.938177349 58.1382518643
59.0 64.8786010213 54.2981307936
59.0 75.8693278027 41.7065245342
56.5 60.6879532938 52.6252929828
55.3333333333 52.8322376772 58.8492063492
50.8333333333 62.4185341518 38.8053308996
50.6666666667 42.1088801841 59.5075457189
51.6666666667 66.2095976804 36.8813131313
50.6666666667 52.7400947676 49.6548375172
56.0 62.8698177384 48.36079822
56.6666666667 49.991503342 65.1291461871
53.8333333333 35.3876203947 72.440087146
55.8333333333 40.7533788305 70.8763548776
56.1666666667 51.0890001139 61.3640535091
54.1666666667 41.0493148454 68.9753779024
55.8333333333 60.7969889438 51.3802130591
51.0 44.9297924298 59.053798487
54.5 56.8430875494 57.7515964731
53.6666666667 53.1156380863 57.1770297647
55.8333333333 65.8733860474 45.5069228973
55.3333333333 64.4753021484 45.8107480771
48.8333333333 68.7523669262 28.9027155744
46.8333333333 60.3220062772 35.6623931624
49.6666666667 49.1933276727 51.2397932754
52.5 85.714577085 18.8804959523
48.3333333333 49.2288004311 47.2073677956
51.1666666667 59.6855416443 43.2848897754
51.1666666667 66.86439275 35.7681026495
54.3333333333 54.2378749474 54.1966668413
52.1666666667 44.5606401701 59.3420295996
52.1666666667 61.5840884262 45.4152146599
59.1666666667 69.6065494729 48.4264329974
56.1666666667 48.1549145299 64.3675213675
56.3333333333 68.4111729999 44.783246232
57.6666666667 76.263348053 39.6894152282
55.3333333333 54.9101910191 55.5404207087
56.8333333333 64.2844617795 49.269793646
56.3333333333 54.2468246825 58.230656399
58.8333333333 69.5462184874 47.8383353341
59.6666666667 56.2948717949 63.655982906
59.1666666667 73.3850999095 45.6210112911
59.3333333333 56.5647416008 62.5719480866
58.8333333333 71.2009803922 46.0622710623
56.1666666667 42.0633583622 70.3383235455
55.5 65.2210274791 48.7600358955
56.6666666667 64.7580279047 50.0483559971
57.6666666667 63.8049240931 52.9157886301
55.1666666667 58.262438151 53.2828526543
57.0 64.9804313765 48.9138913891
53.8333333333 55.5102915952 54.9265450861
58.8333333333 61.6303418803 56.3931623932
54.5 70.9876057142 40.6819886684
54.6666666667 74.8178105953 36.323311762
53.3333333333 49.6112879383 62.318231774
56.0 65.4119653987 46.81476106
57.3333333333 65.2537506498 50.8329203483
54.3333333333 51.7833145192 59.158875994
58.5 70.7570015589 46.7401407694
58.6666666667 70.3376068376 47.5758547009
57.6666666667 55.5664409209 61.6157778716
57.1666666667 57.1178451178 57.4612794613
53.1666666667 38.8066893424 69.9004753417
57.8333333333 58.9758125472 56.9696969697
52.8333333333 53.7581699346 51.942700157
58.8333333333 66.5774120166 51.8929479459
51.8333333333 38.8964430631 66.1641649413
55.0 57.5405179616 53.2113617377
54.5 62.5373415001 47.5792882868
53.3333333333 61.6028010115 45.9787922606
53.1666666667 71.7370161447 35.946429801
50.3333333333 75.7650098343 25.0581058106
45.1666666667 60.7495074985 32.1847507331
49.0 41.1453242098 58.2469360305
51.6666666667 85.7178921874 18.8054378915
50.6666666667 75.6765306676 27.0699376694
52.5 62.2299382716 41.1789297659
54.0 68.75 38.2195185767
49.1666666667 47.337962963 52.2296544036
55.1666666667 66.9711538462 43.2126068376
52.3333333333 68.5602893623 35.9232589926
55.8333333333 48.4008269975 63.3762838469
57.6666666667 42.0407883014 72.812217331
55.6666666667 38.4197324415 73.9969135802
57.5 48.3183760684 67.1570512821
55.6666666667 33.4305906763 78.1450113613
52.8333333333 56.3567017677 47.7261145008
47.5 46.9332620044 53.9912466985
52.5 39.0527279028 69.5989195989
51.1666666667 70.1848628554 36.2623930281
53.3333333333 50.5323259295 59.5256959603
51.5 37.9331776996 66.3104004488
52.6666666667 67.6065551195 39.5415937237
50.8333333333 32.4953055421 70.6501831502
51.0 44.289327061 58.9639008441
51.5 45.3588101907 56.9557156196
51.1666666667 57.8428647818 51.2805166597
56.0 35.5914446934 76.5004255387
51.6666666667 37.5506585613 66.7667238422
53.6666666667 57.2444529947 53.1463236636
57.1666666667 43.3992524703 71.15297732
55.1666666667 38.1241425646 72.5299590891
55.0 49.8086300339 58.5464916994
55.0 43.5058347039 67.7371707541
52.1666666667 53.0993603115 53.4866619604
52.0 54.7817047817 53.2941486391
46.3333333333 64.2424729024 30.7333065703
49.8333333333 50.847878856 52.0405848634
53.3333333333 87.9111580034 17.4862460577
47.8333333333 27.4270347122 69.7344322344
51.3333333333 84.4463262116 18.8735569986
52.5 83.6106346197 22.5083004825
50.0 56.6833206618 46.9191667237
52.8333333333 83.3680998223 23.0676786844
52.0 81.4255189255 21.7620312249
53.5 78.0376338705 28.9471524372
