329 435 0.75632183908
322 423 0.761229314421
328 425 0.771764705882
329 422 0.779620853081
324 423 0.765957446809
319 423 0.754137115839
332 423 0.784869976359
319 422 0.755924170616
320 423 0.756501182033
317 423 0.749408983452
326 426 0.765258215962
332 425 0.781176470588
315 423 0.744680851064
318 422 0.75355450237
333 435 0.765517241379
319 423 0.754137115839
315 423 0.744680851064
293 423 0.692671394799
312 394 0.791878172589
314 405 0.775308641975
317 401 0.790523690773
307 394 0.779187817259
274 381 0.719160104987
317 391 0.81074168798
313 403 0.776674937965
308 392 0.785714285714
305 399 0.764411027569
321 396 0.810606060606
319 406 0.785714285714
311 393 0.791348600509
301 386 0.779792746114
316 395 0.8
308 392 0.785714285714
309 398 0.776381909548
279 391 0.713554987212
296 394 0.751269035533
297 383 0.77545691906
293 380 0.771052631579
319 392 0.813775510204
296 380 0.778947368421
277 377 0.73474801061
288 380 0.757894736842
299 398 0.751256281407
297 380 0.781578947368
295 382 0.772251308901
284 378 0.751322751323
274 372 0.736559139785
286 373 0.766756032172
308 376 0.81914893617
282 380 0.742105263158
288 380 0.757894736842
299 395 0.756962025316
293 395 0.741772151899
320 386 0.829015544041
301 394 0.763959390863
294 394 0.746192893401
291 394 0.738578680203
306 398 0.768844221106
296 391 0.757033248082
295 393 0.750636132316
291 394 0.738578680203
288 394 0.730964467005
295 395 0.746835443038
291 394 0.738578680203
280 394 0.710659898477
285 384 0.7421875
302 373 0.809651474531
310 384 0.807291666667
303 369 0.821138211382
305 370 0.824324324324
304 373 0.815013404826
296 392 0.755102040816
315 378 0.833333333333
315 388 0.811855670103
305 372 0.819892473118
302 372 0.811827956989
314 375 0.837333333333
307 371 0.827493261456
297 371 0.800539083558
280 371 0.754716981132
312 385 0.81038961039
290 368 0.788043478261
306 369 0.829268292683
299 364 0.821428571429
301 384 0.783854166667
303 363 0.834710743802
280 376 0.744680851064
276 363 0.760330578512
301 373 0.806970509383
313 377 0.83023872679
304 367 0.828337874659
262 364 0.71978021978
276 369 0.747967479675
316 384 0.822916666667
307 386 0.795336787565
295 378 0.780423280423
310 390 0.794871794872
312 389 0.80205655527
321 399 0.804511278195
313 384 0.815104166667
307 383 0.801566579634
317 384 0.825520833333
311 383 0.812010443864
301 384 0.783854166667
286 384 0.744791666667
307 370 0.82972972973
289 366 0.789617486339
314 390 0.805128205128
312 367 0.850136239782
293 383 0.76501305483
273 365 0.747945205479
304 362 0.839779005525
312 373 0.836461126005
304 370 0.821621621622
291 366 0.795081967213
282 371 0.760107816712
263 364 0.722527472527
295 386 0.764248704663
304 376 0.808510638298
313 386 0.810880829016
272 363 0.749311294766
263 363 0.724517906336
308 379 0.812664907652
304 370 0.821621621622
295 372 0.793010752688
267 373 0.71581769437
287 392 0.732142857143
272 366 0.743169398907
302 383 0.788511749347
279 370 0.754054054054
282 368 0.766304347826
316 377 0.838196286472
303 368 0.823369565217
278 366 0.75956284153
264 356 0.741573033708
302 384 0.786458333333
304 407 0.746928746929
289 386 0.748704663212
298 386 0.772020725389
283 383 0.738903394256
296 380 0.778947368421
280 386 0.725388601036
277 384 0.721354166667
304 380 0.8
302 373 0.809651474531
271 370 0.732432432432
318 378 0.84126984127
271 365 0.742465753425
307 369 0.831978319783
285 371 0.768194070081
291 386 0.753886010363
281 379 0.741424802111
320 384 0.833333333333
309 385 0.802597402597
287 383 0.749347258486
274 376 0.728723404255
301 364 0.826923076923
310 375 0.826666666667
299 370 0.808108108108
259 367 0.705722070845
285 371 0.768194070081
306 370 0.827027027027
297 372 0.798387096774
293 371 0.789757412399
277 371 0.746630727763
313 377 0.83023872679
304 377 0.806366047745
287 373 0.769436997319
285 370 0.77027027027
276 371 0.743935309973
268 371 0.722371967655
330 437 0.755148741419
332 436 0.761467889908
332 435 0.763218390805
334 434 0.769585253456
319 434 0.735023041475
335 435 0.770114942529
331 435 0.76091954023
316 431 0.733178654292
317 434 0.730414746544
329 430 0.76511627907
331 434 0.76267281106
321 434 0.739631336406
323 434 0.744239631336
326 434 0.751152073733
324 435 0.744827586207
320 435 0.735632183908
303 438 0.691780821918
329 421 0.781472684086
328 428 0.766355140187
336 428 0.785046728972
329 425 0.774117647059
333 426 0.781690140845
327 428 0.764018691589
332 430 0.772093023256
329 430 0.76511627907
346 428 0.808411214953
339 424 0.799528301887
324 428 0.757009345794
331 425 0.778823529412
335 428 0.782710280374
333 430 0.774418604651
333 430 0.774418604651
299 423 0.706855791962
329 426 0.772300469484
337 424 0.794811320755
328 427 0.768149882904
337 424 0.794811320755
334 426 0.784037558685
334 424 0.787735849057
330 431 0.7656612529
343 428 0.801401869159
342 423 0.808510638298
325 427 0.76112412178
324 426 0.760563380282
338 424 0.797169811321
326 424 0.768867924528
322 424 0.759433962264
300 425 0.705882352941
338 429 0.787878787879
323 427 0.75644028103
335 428 0.782710280374
341 429 0.794871794872
320 424 0.754716981132
324 425 0.762352941176
335 429 0.780885780886
343 428 0.801401869159
332 429 0.773892773893
333 429 0.776223776224
340 429 0.792540792541
333 429 0.776223776224
318 424 0.75
301 417 0.721822541966
334 429 0.778554778555
346 429 0.806526806527
344 429 0.801864801865
331 426 0.776995305164
326 430 0.758139534884
337 428 0.78738317757
348 428 0.81308411215
336 429 0.783216783217
336 429 0.783216783217
333 429 0.776223776224
336 429 0.783216783217
327 429 0.762237762238
305 417 0.731414868106
338 429 0.787878787879
335 427 0.784543325527
326 429 0.759906759907
327 431 0.758700696056
336 428 0.785046728972
343 428 0.801401869159
323 429 0.752913752914
331 429 0.771561771562
331 429 0.771561771562
325 427 0.76112412178
330 429 0.769230769231
287 426 0.673708920188
340 423 0.80378250591
338 426 0.793427230047
343 430 0.797674418605
340 428 0.794392523364
338 421 0.802850356295
336 429 0.783216783217
331 424 0.780660377358
346 430 0.804651162791
341 429 0.794871794872
331 429 0.771561771562
309 420 0.735714285714
319 423 0.754137115839
335 431 0.777262180974
340 428 0.794392523364
347 421 0.824228028504
337 429 0.785547785548
336 425 0.790588235294
331 423 0.782505910165
337 429 0.785547785548
319 423 0.754137115839
288 417 0.690647482014
322 427 0.754098360656
336 428 0.785046728972
340 427 0.7962529274
326 426 0.765258215962
333 426 0.781690140845
327 426 0.767605633803
329 430 0.76511627907
326 430 0.758139534884
299 417 0.717026378897
334 427 0.782201405152
335 430 0.779069767442
327 430 0.760465116279
322 430 0.748837209302
330 429 0.769230769231
325 430 0.755813953488
322 430 0.748837209302
301 434 0.693548387097
341 421 0.809976247031
335 428 0.782710280374
335 428 0.782710280374
334 428 0.780373831776
334 428 0.780373831776
327 428 0.764018691589
309 427 0.723653395785
334 424 0.787735849057
337 425 0.792941176471
344 428 0.803738317757
335 425 0.788235294118
332 425 0.781176470588
306 417 0.73381294964
327 425 0.769411764706
312 424 0.735849056604
329 429 0.7668997669
320 429 0.745920745921
297 417 0.712230215827
335 425 0.788235294118
331 425 0.778823529412
325 429 0.757575757576
297 417 0.712230215827
334 430 0.776744186047
336 429 0.783216783217
295 424 0.695754716981
323 429 0.752913752914
297 428 0.693925233645
291 417 0.697841726619
278 386 0.720207253886
289 371 0.77897574124
271 360 0.752777777778
282 368 0.766304347826
262 362 0.723756906077
250 360 0.694444444444
298 356 0.837078651685
290 376 0.771276595745
299 355 0.842253521127
280 374 0.748663101604
254 362 0.701657458564
249 363 0.685950413223
260 359 0.724233983287
253 357 0.708683473389
253 361 0.700831024931
257 367 0.700272479564
279 386 0.722797927461
283 387 0.731266149871
294 403 0.72952853598
280 386 0.725388601036
283 387 0.731266149871
271 386 0.70207253886
268 387 0.692506459948
285 386 0.738341968912
285 391 0.728900255754
264 384 0.6875
270 386 0.699481865285
281 387 0.726098191214
269 386 0.69689119171
271 386 0.70207253886
263 375 0.701333333333
289 352 0.821022727273
245 357 0.686274509804
258 357 0.72268907563
291 365 0.797260273973
244 357 0.683473389356
294 374 0.786096256684
260 357 0.728291316527
298 375 0.794666666667
253 360 0.702777777778
288 370 0.778378378378
256 359 0.713091922006
287 364 0.788461538462
250 357 0.700280112045
252 364 0.692307692308
286 355 0.805633802817
258 357 0.72268907563
288 354 0.813559322034
255 354 0.720338983051
307 375 0.818666666667
252 357 0.705882352941
302 361 0.836565096953
248 357 0.694677871148
236 349 0.676217765043
259 357 0.725490196078
289 352 0.821022727273
251 357 0.703081232493
249 358 0.695530726257
290 368 0.788043478261
288 364 0.791208791209
245 357 0.686274509804
283 374 0.756684491979
282 355 0.794366197183
294 362 0.812154696133
279 353 0.790368271955
270 377 0.716180371353
249 357 0.697478991597
283 354 0.799435028249
276 367 0.75204359673
240 364 0.659340659341
300 365 0.821917808219
248 357 0.694677871148
289 375 0.770666666667
255 359 0.710306406685
302 361 0.836565096953
247 352 0.701704545455
250 357 0.700280112045
259 357 0.725490196078
258 358 0.720670391061
287 352 0.815340909091
265 365 0.72602739726
291 360 0.808333333333
287 375 0.765333333333
255 357 0.714285714286
269 366 0.734972677596
252 359 0.701949860724
252 357 0.705882352941
295 365 0.808219178082
294 365 0.805479452055
280 353 0.793201133144
244 365 0.668493150685
283 377 0.750663129973
247 357 0.6918767507
266 367 0.724795640327
275 352 0.78125
242 357 0.677871148459
287 352 0.815340909091
243 357 0.680672268908
254 360 0.705555555556
247 364 0.678571428571
292 379 0.770448548813
288 373 0.772117962466
265 367 0.722070844687
268 367 0.730245231608
285 373 0.764075067024
265 373 0.710455764075
266 373 0.713136729223
255 364 0.700549450549
298 363 0.820936639118
249 357 0.697478991597
253 359 0.704735376045
249 357 0.697478991597
252 357 0.705882352941
248 357 0.694677871148
248 365 0.679452054795
257 366 0.70218579235
259 367 0.705722070845
263 366 0.718579234973
297 361 0.82271468144
260 366 0.710382513661
265 373 0.710455764075
275 349 0.787965616046
253 352 0.71875
246 357 0.689075630252
240 357 0.672268907563
246 364 0.675824175824
253 358 0.706703910615
242 357 0.677871148459
243 359 0.676880222841
246 364 0.675824175824
250 357 0.700280112045
252 354 0.71186440678
251 365 0.687671232877
250 357 0.700280112045
251 364 0.68956043956
237 364 0.651098901099
282 378 0.746031746032
287 383 0.749347258486
275 386 0.712435233161
285 379 0.751978891821
278 379 0.733509234828
269 373 0.721179624665
274 389 0.704370179949
294 384 0.765625
307 397 0.773299748111
273 379 0.720316622691
274 379 0.722955145119
287 383 0.749347258486
274 379 0.722955145119
275 379 0.725593667546
269 379 0.709762532982
283 363 0.779614325069
260 354 0.734463276836
261 350 0.745714285714
259 347 0.746397694524
263 349 0.753581661891
290 379 0.765171503958
279 356 0.783707865169
278 358 0.776536312849
259 346 0.748554913295
257 348 0.738505747126
273 356 0.766853932584
266 358 0.743016759777
262 347 0.755043227666
257 362 0.709944751381
281 366 0.767759562842
285 353 0.807365439093
263 347 0.757925072046
278 356 0.780898876404
262 365 0.717808219178
270 357 0.756302521008
273 357 0.764705882353
281 358 0.784916201117
261 351 0.74358974359
269 353 0.762039660057
266 359 0.740947075209
255 347 0.734870317003
257 362 0.709944751381
270 353 0.764872521246
243 340 0.714705882353
252 354 0.71186440678
269 365 0.73698630137
272 361 0.753462603878
268 356 0.752808988764
252 346 0.728323699422
259 344 0.752906976744
261 348 0.75
253 349 0.724928366762
265 359 0.738161559889
240 361 0.664819944598
259 352 0.735795454545
260 356 0.730337078652
294 368 0.798913043478
276 364 0.758241758242
289 361 0.80055401662
271 346 0.78323699422
263 352 0.747159090909
273 350 0.78
275 357 0.770308123249
268 356 0.752808988764
263 360 0.730555555556
237 342 0.69298245614
289 369 0.783197831978
265 361 0.734072022161
272 357 0.761904761905
256 348 0.735632183908
242 341 0.709677419355
246 340 0.723529411765
241 339 0.710914454277
246 341 0.721407624633
245 361 0.678670360111
284 362 0.78453038674
270 360 0.75
273 362 0.754143646409
255 343 0.743440233236
265 350 0.757142857143
248 340 0.729411764706
267 362 0.737569060773
259 354 0.731638418079
257 361 0.711911357341
274 367 0.74659400545
264 355 0.743661971831
263 364 0.722527472527
287 371 0.77358490566
265 360 0.736111111111
264 366 0.72131147541
264 366 0.72131147541
254 367 0.692098092643
306 367 0.83378746594
283 364 0.777472527473
277 358 0.77374301676
272 360 0.755555555556
272 360 0.755555555556
261 364 0.717032967033
265 363 0.730027548209
270 353 0.764872521246
265 357 0.742296918768
274 356 0.769662921348
266 355 0.749295774648
266 356 0.747191011236
265 360 0.736111111111
252 341 0.739002932551
267 355 0.752112676056
246 342 0.719298245614
248 343 0.723032069971
253 361 0.700831024931
244 338 0.721893491124
260 358 0.72625698324
252 347 0.726224783862
246 361 0.681440443213
277 362 0.765193370166
268 358 0.748603351955
258 362 0.71270718232
256 357 0.717086834734
251 361 0.695290858726
248 359 0.690807799443
291 383 0.759791122715
283 381 0.742782152231
276 366 0.754098360656
273 366 0.745901639344
269 366 0.734972677596
283 388 0.729381443299
290 379 0.765171503958
305 392 0.77806122449
277 378 0.732804232804
266 368 0.722826086957
273 366 0.745901639344
272 366 0.743169398907
265 366 0.724043715847
267 367 0.727520435967
304 383 0.793733681462
289 365 0.791780821918
291 375 0.776
287 375 0.765333333333
284 375 0.757333333333
293 381 0.769028871391
310 395 0.784810126582
281 375 0.749333333333
284 375 0.757333333333
292 375 0.778666666667
281 375 0.749333333333
283 375 0.754666666667
263 370 0.710810810811
299 377 0.793103448276
301 377 0.798408488064
287 377 0.761273209549
266 382 0.696335078534
313 384 0.815104166667
295 383 0.770234986945
269 380 0.707894736842
297 390 0.761538461538
294 377 0.779840848806
276 384 0.71875
296 390 0.758974358974
264 377 0.700265251989
278 366 0.75956284153
270 366 0.737704918033
287 388 0.739690721649
314 366 0.857923497268
303 390 0.776923076923
265 366 0.724043715847
268 368 0.728260869565
277 366 0.756830601093
275 366 0.751366120219
275 366 0.751366120219
268 369 0.726287262873
270 366 0.737704918033
288 388 0.742268041237
312 366 0.852459016393
306 390 0.784615384615
281 375 0.749333333333
274 368 0.744565217391
276 366 0.754098360656
277 366 0.756830601093
267 366 0.729508196721
264 370 0.713513513514
275 388 0.708762886598
294 376 0.781914893617
301 391 0.769820971867
257 366 0.70218579235
265 368 0.720108695652
266 366 0.726775956284
266 366 0.726775956284
263 366 0.718579234973
262 370 0.708108108108
275 376 0.731382978723
286 389 0.735218508997
271 388 0.698453608247
274 388 0.70618556701
280 388 0.721649484536
278 388 0.716494845361
271 388 0.698453608247
258 375 0.688
277 368 0.752717391304
306 366 0.83606557377
313 366 0.855191256831
312 366 0.852459016393
309 366 0.844262295082
298 366 0.814207650273
277 370 0.748648648649
292 397 0.735516372796
299 390 0.766666666667
300 391 0.76726342711
303 390 0.776923076923
291 390 0.746153846154
269 368 0.73097826087
250 368 0.679347826087
261 366 0.713114754098
261 366 0.713114754098
251 366 0.685792349727
249 369 0.674796747967
266 368 0.722826086957
266 368 0.722826086957
262 368 0.711956521739
257 370 0.694594594595
269 366 0.734972677596
264 366 0.72131147541
265 370 0.716216216216
255 366 0.696721311475
263 370 0.710810810811
264 368 0.717391304348
274 352 0.778409090909
262 335 0.782089552239
283 344 0.822674418605
290 341 0.850439882698
290 369 0.785907859079
259 340 0.761764705882
281 360 0.780555555556
265 353 0.750708215297
278 338 0.822485207101
294 344 0.854651162791
247 334 0.739520958084
255 335 0.761194029851
252 345 0.730434782609
286 337 0.848664688427
282 343 0.822157434402
279 354 0.78813559322
283 365 0.775342465753
283 347 0.815561959654
272 354 0.768361581921
255 345 0.739130434783
285 336 0.848214285714
274 348 0.787356321839
275 350 0.785714285714
286 353 0.810198300283
238 345 0.689855072464
291 342 0.850877192982
283 337 0.839762611276
310 377 0.822281167109
261 338 0.772189349112
279 354 0.78813559322
248 332 0.746987951807
282 338 0.834319526627
293 348 0.841954022989
277 339 0.817109144543
261 340 0.767647058824
255 342 0.745614035088
279 344 0.811046511628
286 367 0.779291553134
284 344 0.825581395349
285 350 0.814285714286
278 347 0.801152737752
283 350 0.808571428571
283 348 0.813218390805
277 343 0.807580174927
278 344 0.808139534884
243 357 0.680672268908
273 360 0.758333333333
256 333 0.768768768769
289 355 0.814084507042
266 345 0.771014492754
279 338 0.825443786982
274 349 0.785100286533
278 339 0.82005899705
276 331 0.833836858006
265 354 0.748587570621
283 365 0.775342465753
299 372 0.80376344086
282 371 0.760107816712
281 364 0.771978021978
293 367 0.798365122616
284 365 0.778082191781
281 371 0.757412398922
254 363 0.699724517906
289 362 0.798342541436
270 351 0.769230769231
288 341 0.844574780059
282 344 0.81976744186
261 338 0.772189349112
278 333 0.834834834835
252 351 0.717948717949
271 351 0.77207977208
287 345 0.831884057971
292 351 0.831908831909
280 336 0.833333333333
265 347 0.763688760807
244 351 0.695156695157
280 342 0.818713450292
285 355 0.802816901408
251 346 0.725433526012
244 342 0.713450292398
244 349 0.699140401146
284 348 0.816091954023
272 339 0.802359882006
251 340 0.738235294118
243 351 0.692307692308
270 324 0.833333333333
273 344 0.793604651163
246 347 0.708933717579
242 338 0.715976331361
245 345 0.710144927536
242 342 0.707602339181
256 342 0.748538011696
285 335 0.850746268657
271 355 0.76338028169
297 375 0.792
283 344 0.822674418605
289 356 0.811797752809
259 350 0.74
277 328 0.844512195122
268 334 0.802395209581
288 350 0.822857142857
262 342 0.766081871345
253 340 0.744117647059
265 337 0.786350148368
252 331 0.761329305136
291 366 0.795081967213
258 339 0.761061946903
280 356 0.786516853933
261 348 0.75
261 330 0.790909090909
285 333 0.855855855856
279 338 0.825443786982
264 326 0.80981595092
256 340 0.752941176471
284 336 0.845238095238
294 368 0.798913043478
253 333 0.75975975976
299 353 0.847025495751
276 357 0.773109243697
277 332 0.834337349398
293 348 0.841954022989
285 343 0.830903790087
276 335 0.823880597015
235 342 0.687134502924
283 360 0.786111111111
288 348 0.827586206897
279 359 0.777158774373
275 355 0.774647887324
277 331 0.836858006042
252 343 0.734693877551
266 333 0.798798798799
272 339 0.802359882006
255 341 0.74780058651
289 362 0.798342541436
300 372 0.806451612903
286 361 0.792243767313
286 356 0.803370786517
273 365 0.747945205479
271 361 0.750692520776
263 361 0.728531855956
266 371 0.716981132075
284 359 0.791086350975
279 339 0.823008849558
279 328 0.850609756098
271 335 0.808955223881
259 339 0.76401179941
260 337 0.771513353116
252 346 0.728323699422
295 348 0.847701149425
277 352 0.786931818182
277 352 0.786931818182
277 347 0.798270893372
268 351 0.763532763533
262 359 0.729805013928
259 348 0.744252873563
281 339 0.828908554572
287 352 0.815340909091
255 347 0.734870317003
249 356 0.699438202247
277 334 0.829341317365
276 336 0.821428571429
264 327 0.807339449541
249 342 0.728070175439
295 347 0.850144092219
269 336 0.800595238095
243 335 0.725373134328
266 325 0.818461538462
252 336 0.75
251 337 0.744807121662
278 334 0.832335329341
279 347 0.804034582133
287 363 0.790633608815
282 351 0.803418803419
279 349 0.799426934097
267 342 0.780701754386
272 341 0.797653958944
279 344 0.811046511628
260 329 0.790273556231
282 347 0.812680115274
260 339 0.766961651917
276 339 0.814159292035
290 357 0.812324929972
275 347 0.792507204611
287 342 0.83918128655
262 336 0.779761904762
265 335 0.791044776119
288 338 0.852071005917
283 336 0.842261904762
259 333 0.777777777778
251 345 0.727536231884
286 367 0.779291553134
286 357 0.801120448179
292 354 0.824858757062
273 342 0.798245614035
290 348 0.833333333333
264 343 0.769679300292
250 342 0.730994152047
279 354 0.78813559322
251 341 0.736070381232
277 362 0.765193370166
292 369 0.791327913279
283 352 0.803977272727
256 360 0.711111111111
274 362 0.756906077348
267 357 0.747899159664
267 357 0.747899159664
247 357 0.6918767507
281 350 0.802857142857
282 346 0.815028901734
277 347 0.798270893372
279 353 0.790368271955
284 349 0.813753581662
275 351 0.783475783476
255 351 0.726495726496
268 353 0.759206798867
273 345 0.791304347826
264 345 0.765217391304
280 334 0.838323353293
263 345 0.76231884058
257 347 0.740634005764
250 343 0.728862973761
270 336 0.803571428571
246 341 0.721407624633
249 347 0.71757925072
236 335 0.70447761194
277 335 0.826865671642
268 343 0.781341107872
266 337 0.789317507418
251 345 0.727536231884
290 337 0.860534124629
278 335 0.829850746269
252 346 0.728323699422
269 342 0.786549707602
253 338 0.748520710059
229 338 0.677514792899
276 333 0.828828828829
309 363 0.851239669421
259 333 0.777777777778
280 340 0.823529411765
268 341 0.785923753666
256 322 0.795031055901
267 329 0.811550151976
256 324 0.79012345679
249 323 0.770897832817
242 333 0.726726726727
308 372 0.827956989247
270 335 0.805970149254
278 349 0.796561604585
282 339 0.83185840708
252 326 0.773006134969
275 330 0.833333333333
265 331 0.800604229607
257 338 0.760355029586
262 345 0.759420289855
301 368 0.817934782609
298 370 0.805405405405
279 361 0.772853185596
300 356 0.842696629213
297 358 0.829608938547
277 359 0.771587743733
294 357 0.823529411765
263 359 0.732590529248
281 355 0.791549295775
264 347 0.760806916427
251 328 0.765243902439
291 336 0.866071428571
279 323 0.863777089783
247 334 0.739520958084
258 334 0.77245508982
279 352 0.792613636364
278 345 0.805797101449
277 345 0.802898550725
275 341 0.806451612903
268 341 0.785923753666
265 344 0.770348837209
249 334 0.745508982036
271 352 0.769886363636
246 328 0.75
250 329 0.759878419453
241 337 0.715133531157
291 329 0.884498480243
255 318 0.801886792453
255 322 0.791925465839
248 331 0.749244712991
255 326 0.782208588957
278 323 0.860681114551
259 334 0.775449101796
269 327 0.822629969419
252 321 0.785046728972
246 321 0.766355140187
282 367 0.768392370572
263 331 0.794561933535
279 345 0.808695652174
276 351 0.786324786325
277 313 0.884984025559
271 325 0.833846153846
266 326 0.815950920245
244 318 0.767295597484
225 337 0.66765578635
268 355 0.754929577465
279 356 0.783707865169
268 358 0.748603351955
286 358 0.798882681564
286 358 0.798882681564
289 358 0.807262569832
274 355 0.771830985915
252 358 0.703910614525
279 356 0.783707865169
274 337 0.813056379822
269 318 0.845911949686
276 337 0.818991097923
250 331 0.755287009063
262 331 0.791540785498
237 343 0.690962099125
283 352 0.803977272727
263 333 0.78978978979
261 335 0.779104477612
266 334 0.796407185629
260 333 0.780780780781
234 334 0.700598802395
273 322 0.847826086957
253 339 0.746312684366
248 333 0.744744744745
238 325 0.732307692308
241 336 0.717261904762
278 330 0.842424242424
279 314 0.888535031847
262 315 0.831746031746
227 340 0.667647058824
278 324 0.858024691358
225 311 0.72347266881
220 335 0.65671641791
245 322 0.760869565217
229 333 0.687687687688
218 331 0.658610271903
294 353 0.832861189802
294 363 0.809917355372
270 367 0.735694822888
283 368 0.76902173913
273 359 0.760445682451
284 368 0.771739130435
278 369 0.753387533875
259 368 0.703804347826
289 362 0.798342541436
268 357 0.750700280112
276 337 0.818991097923
279 347 0.804034582133
269 334 0.805389221557
267 337 0.792284866469
252 355 0.70985915493
280 361 0.775623268698
263 341 0.771260997067
264 348 0.758620689655
279 340 0.820588235294
268 348 0.770114942529
265 347 0.763688760807
244 334 0.730538922156
260 350 0.742857142857
266 347 0.766570605187
245 345 0.710144927536
243 343 0.708454810496
274 335 0.817910447761
272 316 0.860759493671
232 317 0.731861198738
237 330 0.718181818182
247 327 0.755351681957
265 327 0.810397553517
244 341 0.715542521994
255 332 0.768072289157
238 340 0.7
241 332 0.725903614458
294 374 0.786096256684
271 356 0.761235955056
284 354 0.802259887006
294 365 0.805479452055
257 355 0.723943661972
266 358 0.743016759777
252 355 0.70985915493
281 366 0.767759562842
290 373 0.777479892761
289 357 0.809523809524
276 364 0.758241758242
283 369 0.766937669377
259 356 0.727528089888
274 353 0.776203966006
278 350 0.794285714286
274 350 0.782857142857
264 352 0.75
240 359 0.66852367688
276 360 0.766666666667
283 358 0.790502793296
281 361 0.778393351801
244 358 0.68156424581
270 356 0.758426966292
263 357 0.736694677871
249 359 0.693593314763
259 357 0.725490196078
252 357 0.705882352941
236 357 0.66106442577
293 366 0.800546448087
286 355 0.805633802817
273 348 0.784482758621
285 352 0.809659090909
277 354 0.782485875706
268 360 0.744444444444
260 345 0.753623188406
277 355 0.780281690141
256 345 0.742028985507
261 345 0.75652173913
257 352 0.730113636364
278 333 0.834834834835
280 309 0.906148867314
258 326 0.791411042945
241 331 0.728096676737
281 326 0.861963190184
271 338 0.801775147929
244 350 0.697142857143
261 330 0.790909090909
243 341 0.712609970674
238 343 0.69387755102
268 354 0.757062146893
269 355 0.757746478873
256 347 0.737752161383
264 352 0.75
244 343 0.711370262391
260 337 0.771513353116
252 322 0.782608695652
245 333 0.735735735736
237 330 0.718181818182
257 337 0.762611275964
253 335 0.755223880597
258 335 0.770149253731
254 332 0.765060240964
248 333 0.744744744745
246 333 0.738738738739
262 350 0.748571428571
238 339 0.702064896755
238 332 0.71686746988
226 337 0.670623145401
271 350 0.774285714286
255 349 0.730659025788
238 339 0.702064896755
227 337 0.673590504451
226 328 0.689024390244
226 336 0.672619047619
282 318 0.88679245283
271 324 0.836419753086
232 331 0.700906344411
242 316 0.76582278481
242 331 0.731117824773
224 331 0.676737160121
266 323 0.823529411765
241 332 0.725903614458
221 327 0.675840978593
235 331 0.70996978852
