82.1728691477 98.2100757901 10.9324016897
81.5326130452 99.5095290135 1.30787396661
85.2340936375 91.0935318992 58.5683240599
81.912765106 99.975399754 0.0
84.0736294518 94.365533746 36.4911829566
82.9931972789 100.0 0.0
80.9523809524 99.9263622975 0.0
83.0132052821 100.0 0.0
85.7142857143 99.7550913243 23.1757052302
83.4133653461 99.24867355 10.2395423077
82.3729491797 94.6880611767 27.453121666
82.7330932373 99.8792094864 0.116144018583
82.9331732693 99.8552921885 1.52554702011
84.5338135254 96.6967353409 27.8091492072
82.3729491797 98.6773534051 10.8714438769
82.7731092437 95.798852949 19.9031275896
82.7931172469 98.7507361576 11.8563949101
81.512605042 99.2521053146 2.01409869084
82.9531812725 98.6863886622 9.93773241143
85.7743097239 99.7543491957 24.466532769
83.1132452981 97.7640938394 15.8446368446
81.6726690676 97.9130943609 10.0621747445
81.5326130452 98.3282505578 7.37103974268
83.0932372949 95.1155151844 27.3289646661
81.4725890356 99.60941494 0.3367003367
81.4325730292 95.2559169119 19.7287771243
81.3525410164 99.416751996 0.802680115044
81.212484994 99.853907962 0.0
81.2324929972 99.878256635 0.0
85.1540616246 99.6807350733 22.4278793166
83.5134053621 99.4400419554 8.98069883255
81.712685074 99.829392777 0.104821802935
82.0528211285 99.8535615225 0.113765642776
88.275310124 95.2098124043 58.6633204159
84.6738695478 95.0688340926 37.4812362031
88.0152060824 95.9768902961 52.9783892511
82.6130452181 96.4344780404 22.1418384462
84.3537414966 93.3886190799 41.9917778327
86.3145258103 97.2549962869 37.5247259476
84.093637455 98.1561319389 17.6425719719
84.6738695478 93.9318649546 40.9005205534
82.9531812725 95.8862628341 26.8857978607
89.0356142457 95.1821320382 62.0697743788
81.4525810324 99.9757751938 0.0
82.3329331733 99.9756335283 0.454150495279
81.4525810324 100.0 0.0
86.2945178071 99.9513693207 23.1116215087
83.4133653461 99.3879308339 11.4765953582
83.3533413365 93.1798869701 36.8149605854
82.6930772309 99.6616255312 0.932412331642
88.8355342137 95.2746354711 59.9810811945
81.712685074 97.5148641694 8.78413449547
84.7539015606 90.7842471592 57.1434491786
86.0144057623 99.7567794727 24.6533290343
83.2733093237 99.5348679194 9.8083170344
83.993597439 95.2804805698 33.1817239357
81.8327330932 92.4682293747 35.4808917197
82.4729891957 100.0 0.0
82.1928771509 100.0 0.0
86.5346138455 99.7824510515 26.6751772198
83.1332533013 99.4382086814 10.6389925969
81.4725890356 93.6811061122 25.5534052806
82.7731092437 99.637872747 0.933270730884
82.0528211285 100.0 0.0
86.6746698679 100.0 23.4022770607
83.8535414166 99.3910852587 12.8562543047
82.4529811925 99.854945589 0.349708152651
82.7931172469 99.8067963638 0.581637165151
86.5346138455 99.7824510515 26.6751772198
83.9335734294 99.1517517562 11.1230026807
82.3529411765 99.2362125598 2.37869087709
82.6130452181 99.7100047487 0.233103082911
88.0952380952 99.3942880466 34.6189646531
86.0144057623 99.8526128081 24.5286884888
85.4741896759 99.72728965 23.9624685361
82.9331732693 99.4135782661 8.10054009152
83.3333333333 99.4125071215 10.9859956476
82.0728291317 99.2051847992 2.46004533473
