92.7971188475 99.9141446662 0.294985250737
91.9567827131 99.8914930556 0.25641025641
92.8771508603 100.0 0.0
92.5770308123 100.0 0.0
92.6370548219 100.0 0.0
92.6370548219 100.0 0.0
92.6370548219 100.0 0.0
92.3569427771 100.0 0.0
92.0768307323 99.9561114768 0.0
91.8767507003 99.9783830523 0.268817204301
93.2573029212 98.8489893067 28.4923232881
92.2569027611 99.9346232606 1.43744545408
92.5770308123 100.0 0.0
92.5770308123 100.0 0.0
93.3573429372 98.9347479183 29.3943836527
92.8571428571 100.0 0.0
92.3169267707 100.0 0.0
92.8571428571 100.0 0.0
91.7767106843 100.0 0.0
92.8971588635 100.0 0.0
92.9571828731 100.0 0.0
92.3969587835 100.0 0.0
92.8771508603 100.0 0.0
92.0368147259 100.0 0.0
92.8971588635 98.5881978012 24.1609153374
91.9367747099 100.0 0.0
92.8971588635 100.0 0.0
92.8971588635 100.0 0.0
93.9975990396 98.8795660692 29.7623672624
91.7767106843 100.0 0.0
92.2969187675 100.0 0.0
92.0968387355 100.0 0.0
92.4169667867 100.0 0.0
92.4169667867 100.0 0.0
92.4169667867 100.0 0.0
92.3169267707 100.0 0.0
92.3369347739 99.9132784472 0.784387946081
93.1172468988 99.0465544255 24.8141623686
92.1968787515 100.0 0.0
92.4969987995 100.0 0.0
92.4969987995 100.0 0.0
94.5578231293 99.0952653907 35.561767163
92.5770308123 100.0 0.0
92.6370548219 100.0 0.0
92.2969187675 100.0 0.0
92.0368147259 100.0 0.0
92.3569427771 100.0 0.0
92.1168467387 100.0 0.0
92.2368947579 100.0 0.0
92.8371348539 98.8722897983 21.184146128
92.1368547419 100.0 0.0
92.4769907963 100.0 0.0
92.4769907963 100.0 0.0
93.7575030012 98.9828458329 29.8905383116
91.7967186875 100.0 0.0
92.5370148059 100.0 0.0
92.0968387355 100.0 0.0
92.7571028411 100.0 0.0
92.3169267707 100.0 0.0
92.3369347739 100.0 0.0
93.237294918 98.8274003602 28.4923232881
91.9567827131 100.0 0.0
92.3969587835 100.0 0.0
92.3969587835 100.0 0.0
93.5974389756 98.7877099357 29.951463344
92.5970388155 100.0 0.0
92.6570628251 100.0 0.0
92.1768707483 100.0 0.0
92.3969587835 100.0 0.0
92.3569427771 100.0 0.0
92.7971188475 98.6128519227 24.1295128517
91.7767106843 100.0 0.0
92.1768707483 100.0 0.0
92.1768707483 100.0 0.0
93.9575830332 98.8774269818 31.9602682896
92.5370148059 100.0 0.0
92.1768707483 100.0 0.0
92.1168467387 99.9567788064 0.542380324989
92.0168067227 100.0 0.0
93.137254902 99.0491574191 19.888197338
92.1968787515 100.0 0.0
92.4969987995 100.0 0.0
92.4969987995 100.0 0.0
93.5174069628 99.2008247085 24.6961845988
92.3369347739 100.0 0.0
92.3169267707 100.0 0.0
92.3369347739 100.0 0.0
92.5770308123 98.345466783 26.3738800345
92.2168867547 100.0 0.0
92.2769107643 100.0 0.0
92.2769107643 100.0 0.0
93.7775110044 99.0903929942 29.5833478975
92.3169267707 100.0 0.0
92.2569027611 99.8704663212 0.546448087432
94.3777511004 99.2245741364 31.5350767895
92.2168867547 100.0 0.0
92.3169267707 100.0 0.0
92.3169267707 100.0 0.0
94.4177671068 98.8397463626 35.0061094819
92.2969187675 100.0 0.0
93.0772308924 99.2216213306 16.8737127371
92.3369347739 100.0 0.0
92.3769507803 100.0 0.837007219986
92.3769507803 100.0 0.837007219986
93.5774309724 99.0024541449 28.6165275527
92.8971588635 98.8557251156 21.323961324
92.6970788315 100.0 0.0
92.3569427771 100.0 0.0
92.3569427771 100.0 0.0
93.737494998 99.200667318 25.308659035
93.2773109244 98.9422448215 21.0998132416
92.4969987995 98.895923735 17.3167821001
92.4969987995 98.895923735 17.3167821001
94.9179671869 98.1774114043 57.2995736215
92.1768707483 100.0 0.0
92.1768707483 100.0 0.0
93.3173269308 98.9776221432 26.8055256291
92.3969587835 100.0 0.0
93.8975590236 98.9829863021 31.7213291617
93.8975590236 98.9829863021 31.7213291617
