328 1369 0.239590942294
477 2012 0.237077534791
494 2000 0.247
347 1364 0.254398826979
470 2000 0.235
371 2000 0.1855
490 2000 0.245
333 2000 0.1665
481 2000 0.2405
487 2047 0.23790913532
982 1894 0.518479408659
493 2000 0.2465
409 2000 0.2045
551 2000 0.2755
359 2000 0.1795
441 2000 0.2205
492 2000 0.246
462 2000 0.231
368 2000 0.184
356 2000 0.178
464 2000 0.232
320 2000 0.16
540 2000 0.27
602 2000 0.301
939 1978 0.474721941355
457 2000 0.2285
422 2000 0.211
558 2000 0.279
343 2000 0.1715
490 2000 0.245
477 2000 0.2385
345 2000 0.1725
330 2000 0.165
454 2000 0.227
311 2000 0.1555
540 2000 0.27
228 1089 0.209366391185
951 1893 0.502377179081
378 2000 0.189
413 2000 0.2065
553 2000 0.2765
336 2000 0.168
532 2000 0.266
476 2000 0.238
359 2000 0.1795
500 2000 0.25
327 2000 0.1635
486 2000 0.243
611 2000 0.3055
1120 2169 0.516366989396
481 2000 0.2405
421 2000 0.2105
553 2000 0.2765
354 2000 0.177
544 2000 0.272
393 2000 0.1965
452 2000 0.226
353 2000 0.1765
572 2000 0.286
520 2000 0.26
977 1893 0.516111991548
455 2000 0.2275
392 2000 0.196
600 2000 0.3
353 2000 0.1765
557 2000 0.2785
340 2000 0.17
658 2000 0.329
411 2000 0.2055
335 2000 0.1675
1012 2084 0.485604606526
410 2000 0.205
705 2000 0.3525
801 2000 0.4005
341 2000 0.1705
361 2000 0.1805
294 2000 0.147
353 2017 0.175012394646
350 2000 0.175
953 1981 0.481070166583
355 2000 0.1775
357 2000 0.1785
493 2000 0.2465
302 2000 0.151
334 2000 0.167
551 2000 0.2755
609 2000 0.3045
1078 2081 0.518020182605
484 2000 0.242
426 2000 0.213
564 2000 0.282
364 2040 0.178431372549
309 2000 0.1545
378 2000 0.189
1303 2406 0.541562759767
319 2000 0.1595
378 2000 0.189
515 2000 0.2575
305 2000 0.1525
588 2000 0.294
1018 2055 0.495377128954
541 2000 0.2705
405 2015 0.200992555831
533 2015 0.264516129032
339 2010 0.168656716418
934 1957 0.47726111395
593 2000 0.2965
391 2000 0.1955
520 2000 0.26
351 2053 0.1709693132
1004 1986 0.5055387714
1077 2342 0.459863364646
1242 2342 0.530315969257
1143 3072 0.3720703125
426 2000 0.213
570 2000 0.285
341 2025 0.168395061728
370 2000 0.185
219 2000 0.1095
335 2000 0.1675
