70.3333333333 70.086298269 70.6958446605
62.1666666667 73.2887119825 51.4454361972
59.0 49.4085824592 68.0364839866
61.0 67.3491682502 54.6659665967
59.6666666667 48.493469723 70.495690676
60.6666666667 35.0098136739 86.3151589059
59.1666666667 50.4459308807 70.2932098765
54.8333333333 51.5899112847 59.0387390387
58.6666666667 48.5817276631 70.5246513696
58.8333333333 64.3665988732 52.3735476136
59.0 74.2120765832 44.3252143303
56.5 53.2861952862 60.5656565657
60.0 68.7061090818 50.0223287594
58.3333333333 49.5121209996 67.5094265265
58.6666666667 65.9269994632 54.0268384326
57.8333333333 67.2872659986 49.6205354759
56.0 65.8208730863 49.1513068204
58.1666666667 46.8995726496 70.5715811966
57.3333333333 65.4624501473 51.9550451381
72.3333333333 76.0034974037 68.7162150866
68.5 70.7070707071 66.3433690308
70.3333333333 71.3506735755 69.3554326703
70.3333333333 70.1876449505 70.654172146
70.3333333333 70.1876449505 70.654172146
70.3333333333 70.0276515569 70.6712677347
70.3333333333 70.1793924912 70.7236520076
70.3333333333 70.1876449505 70.654172146
70.3333333333 70.1793924912 70.7236520076
69.6666666667 71.599978601 67.479778373
70.3333333333 70.1876449505 70.654172146
70.3333333333 70.1876449505 70.654172146
70.3333333333 70.1876449505 70.654172146
70.3333333333 70.086298269 70.6958446605
70.3333333333 70.086298269 70.6958446605
70.3333333333 70.1876449505 70.654172146
70.3333333333 70.1876449505 70.654172146
70.3333333333 70.1876449505 70.654172146
58.8333333333 84.9412471224 32.6149200948
58.6666666667 72.3493682702 45.0317698437
55.8333333333 58.645154734 55.1263744492
56.0 61.4736561291 51.4033613445
52.8333333333 50.6671438701 58.7233492222
58.6666666667 83.3643162393 33.9294871795
54.3333333333 60.5123551397 52.5381263617
54.6666666667 61.4313927736 51.8901340684
56.8333333333 70.9086203039 43.2117726816
57.8333333333 84.6856247234 31.0749942919
54.5 44.4079307149 68.0796059547
54.1666666667 60.4193019921 54.2880439038
58.6666666667 83.3556824451 34.0521321797
57.8333333333 83.3568376068 32.3044871795
58.6666666667 83.2893844823 33.8515334596
58.6666666667 83.4349184906 34.0847796597
57.0 87.2566252755 28.2814850634
60.5 41.2039039616 80.1499233661
52.8333333333 50.4309482271 58.6357964246
57.0 50.7161111667 63.3808761218
51.5 47.2463768116 54.230273752
52.6666666667 52.9638674807 52.272378474
53.3333333333 42.7346611951 63.2956327361
55.1666666667 41.6208697261 69.969407335
54.1666666667 64.5390720391 45.0027831429
54.3333333333 55.6101163562 53.1091747238
58.1666666667 39.7622526941 76.7135088246
53.1666666667 38.4641510693 68.1233109799
53.8333333333 44.029159577 62.9519901244
54.6666666667 45.3127646098 63.9778644531
53.8333333333 44.029159577 62.9519901244
55.1666666667 54.3384379275 55.8322490241
55.6666666667 23.0453408067 88.3855803557
60.5 33.9991665833 86.99919992
59.6666666667 38.6196286295 80.6018935227
57.1666666667 59.9817648432 54.2692602594
60.5 33.9991665833 86.99919992
60.5 33.9991665833 86.99919992
60.5 33.9991665833 86.99919992
57.3333333333 58.7016368303 56.0794412775
60.5 34.8250308493 85.7967032967
61.8333333333 45.3797713105 78.3853385339
59.1666666667 39.3863719705 79.0784078408
60.5 33.9991665833 86.99919992
60.5 33.9991665833 86.99919992
60.5 33.9991665833 86.99919992
60.5 33.9991665833 86.99919992
60.5 33.9991665833 86.99919992
53.1666666667 64.8127769212 45.3214234105
55.6666666667 51.4786967419 60.2706766917
52.3333333333 64.1382907259 43.2074971693
56.0 81.3345338135 30.7021475257
52.6666666667 77.0658577438 29.2793526664
58.5 53.7044620013 62.7660734887
53.1666666667 64.0495379325 44.878782992
55.6666666667 87.6622995633 23.6916358302
51.8333333333 67.1682098765 39.4648829431
48.6666666667 54.4246323542 48.1778067703
51.8333333333 45.6031611172 60.1834222653
49.6666666667 56.9455109794 45.7836050368
49.6666666667 69.658008658 34.2987012987
57.5 82.3619590965 32.6270309946
53.0 59.5854182995 46.141530483
51.8333333333 51.3488775412 51.4371715906
53.1666666667 55.3290643104 54.4787848991
48.3333333333 57.0 39.6666666667
56.8333333333 61.6866924131 52.2443258624
54.5 58.6010641881 50.2277678748
53.6666666667 67.4302422723 40.395154553
55.8333333333 56.194860991 54.5011307898
49.3333333333 63.6830959559 37.6403678104
51.6666666667 57.6314700801 49.7095732439
49.5 56.0396714669 45.4477933038
48.8333333333 53.3904086642 46.804709753
54.3333333333 41.585173022 69.546215481
53.3333333333 47.5694444444 61.0785953177
53.5 60.9720864735 46.8223263586
50.5 50.3448441593 50.6181109616
53.3333333333 63.844325609 42.6079342628
54.5 49.2910661594 59.6263473517
54.6666666667 34.671669355 73.3293255984
53.1666666667 37.3236245295 69.0166843077
53.3333333333 55.6687417468 52.0068101137
54.0 61.3532441278 46.3082859985
51.8333333333 63.534720819 40.5723905724
53.8333333333 69.7836722096 38.9657894578
53.1666666667 75.886293812 32.0844255748
51.5 55.4792213915 47.138047138
48.8333333333 36.880082999 62.2590133585
58.0 64.5260303434 51.8124313258
53.5 48.5172735761 58.2387621715
55.1666666667 42.9148899435 67.5287171746
53.3333333333 38.4781144781 67.9158249158
52.6666666667 35.8058608059 69.8325163399
48.0 59.0506125081 42.2821587916
53.0 35.7301648968 69.7851966874
51.3333333333 48.7064686662 55.1867208754
52.3333333333 78.5256410256 27.8434251059
47.8333333333 41.3333333333 54.3333333333
59.1666666667 55.3333333333 63.0
48.6666666667 62.8354218881 36.1478696742
55.1666666667 24.6319354085 85.5982050512
50.6666666667 17.6894757903 83.6705348806
49.1666666667 61.4400584795 42.2802197802
52.0 82.0790598291 22.0854700855
49.3333333333 69.6775271512 31.6558061821
44.0 39.1435045593 55.6907599472
55.1666666667 95.6689389245 14.5659080594
58.3333333333 61.4193817878 53.9515455305
54.1666666667 56.8923030728 51.1582757815
54.3333333333 44.7464691666 66.5556990588
52.5 36.9917053809 68.9526279092
48.3333333333 54.7703222703 42.1480538742
51.0 62.7286324786 38.7767094017
50.1666666667 46.0852972433 53.9282595984
48.6666666667 57.178488679 42.6757321542
53.6666666667 52.2627376157 55.3295064381
55.8333333333 58.6138947228 52.9001566823
59.8333333333 78.4514729924 40.8365528976
56.6666666667 69.1568627451 43.7732426304
57.0 62.4226114456 54.094186023
58.0 62.3167316732 53.704070407
58.5 64.6666666667 52.3333333333
57.5 62.3748473748 54.1183808144
58.0 62.8346564834 54.0085418551
54.8333333333 63.1659722856 46.8690926676
50.0 72.4243013681 29.0263719617
51.1666666667 52.017627204 50.0222279801
51.5 44.3187891664 58.6366642617
53.6666666667 54.5069973022 51.4071580193
52.1666666667 52.4502004391 52.1626935283
55.3333333333 67.7355751558 42.3709138652
57.1666666667 34.9443000471 79.2335237423
54.3333333333 22.0802508385 86.8083768084
53.5 44.2455707063 61.8872163948
55.5 25.4148267095 85.5691154824
53.8333333333 34.5138487244 74.8151421866
53.3333333333 48.322851153 59.0734411604
51.1666666667 56.2570923125 47.7823417144
53.3333333333 49.8086300339 55.108958789
54.6666666667 29.3130711881 80.5975000334
54.6666666667 35.2903539759 73.9319654053
50.1666666667 69.2002442002 34.0522224905
49.1666666667 55.5483186182 45.9836628116
46.5 41.5516378944 55.1020962311
45.6666666667 60.3928251025 34.1886163941
51.6666666667 84.4463262116 19.546957672
51.6666666667 76.31577717 27.0699783916
47.1666666667 53.0463823854 42.5494404159
48.0 59.5881006865 45.2525252525
50.3333333333 32.8301150261 68.8306810399
52.0 91.2744615064 13.1058281799
51.1666666667 85.6266984821 18.2418059213
