322 423 0.761229314421
303 385 0.787012987013
279 370 0.754054054054
312 373 0.836461126005
273 364 0.75
276 364 0.758241758242
270 364 0.741758241758
275 364 0.755494505495
271 364 0.744505494505
266 364 0.730769230769
299 384 0.778645833333
306 360 0.85
309 368 0.839673913043
268 364 0.736263736264
302 360 0.838888888889
307 360 0.852777777778
301 360 0.836111111111
259 364 0.711538461538
276 360 0.766666666667
330 435 0.758620689655
327 423 0.77304964539
329 426 0.772300469484
323 422 0.765402843602
328 422 0.777251184834
320 423 0.756501182033
332 422 0.78672985782
329 422 0.779620853081
321 422 0.760663507109
316 423 0.747044917258
328 422 0.777251184834
337 422 0.798578199052
320 422 0.758293838863
326 423 0.770685579196
330 423 0.780141843972
323 422 0.765402843602
318 422 0.75355450237
299 422 0.708530805687
291 354 0.822033898305
296 361 0.819944598338
286 352 0.8125
290 352 0.823863636364
279 352 0.792613636364
295 352 0.838068181818
286 352 0.8125
282 352 0.801136363636
264 357 0.739495798319
290 348 0.833333333333
265 359 0.738161559889
283 352 0.803977272727
283 352 0.803977272727
291 352 0.826704545455
289 352 0.821022727273
280 352 0.795454545455
256 364 0.703296703297
278 377 0.737400530504
264 346 0.763005780347
262 345 0.759420289855
239 336 0.71130952381
264 342 0.771929824561
238 336 0.708333333333
267 346 0.771676300578
258 351 0.735042735043
285 353 0.807365439093
275 357 0.770308123249
257 340 0.755882352941
241 336 0.717261904762
258 335 0.770149253731
241 335 0.719402985075
262 345 0.759420289855
238 337 0.706231454006
268 369 0.726287262873
265 369 0.718157181572
287 372 0.771505376344
272 369 0.737127371274
274 369 0.742547425474
267 369 0.723577235772
284 373 0.761394101877
275 370 0.743243243243
274 368 0.744565217391
255 367 0.694822888283
262 369 0.710027100271
273 369 0.739837398374
267 369 0.723577235772
265 369 0.718157181572
264 369 0.715447154472
275 331 0.83081570997
266 342 0.777777777778
278 331 0.839879154079
279 344 0.811046511628
280 337 0.830860534125
278 357 0.778711484594
280 331 0.845921450151
279 336 0.830357142857
277 335 0.826865671642
272 331 0.821752265861
279 341 0.818181818182
269 335 0.802985074627
271 331 0.818731117825
247 345 0.715942028986
253 328 0.771341463415
258 337 0.765578635015
281 334 0.841317365269
272 312 0.871794871795
273 357 0.764705882353
266 335 0.794029850746
301 343 0.877551020408
262 348 0.752873563218
274 325 0.843076923077
271 331 0.818731117825
276 325 0.849230769231
268 325 0.824615384615
254 340 0.747058823529
278 339 0.82005899705
265 332 0.798192771084
274 339 0.808259587021
280 350 0.8
264 338 0.781065088757
254 333 0.762762762763
253 338 0.748520710059
256 332 0.771084337349
279 336 0.830357142857
252 328 0.768292682927
268 337 0.795252225519
253 339 0.746312684366
249 323 0.770897832817
237 324 0.731481481481
281 357 0.787114845938
255 328 0.77743902439
278 341 0.815249266862
253 332 0.762048192771
244 318 0.767295597484
288 323 0.891640866873
245 318 0.770440251572
247 318 0.776729559748
252 324 0.777777777778
212 303 0.699669966997
279 357 0.781512605042
254 332 0.765060240964
263 333 0.78978978979
261 333 0.783783783784
276 319 0.865203761755
279 325 0.858461538462
272 311 0.87459807074
222 307 0.723127035831
228 331 0.688821752266
269 357 0.75350140056
251 328 0.765243902439
285 340 0.838235294118
271 329 0.823708206687
279 315 0.885714285714
268 327 0.819571865443
261 325 0.803076923077
245 320 0.765625
236 330 0.715151515152
279 357 0.781512605042
296 357 0.829131652661
264 357 0.739495798319
268 357 0.750700280112
285 351 0.811965811966
270 357 0.756302521008
267 357 0.747899159664
254 357 0.711484593838
288 334 0.862275449102
279 335 0.832835820896
253 328 0.771341463415
254 328 0.774390243902
251 328 0.765243902439
254 328 0.774390243902
252 343 0.734693877551
259 347 0.746397694524
254 333 0.762762762763
256 335 0.764179104478
256 333 0.768768768769
252 333 0.756756756757
248 333 0.744744744745
246 332 0.740963855422
252 332 0.759036144578
244 337 0.724035608309
239 332 0.719879518072
241 324 0.743827160494
230 312 0.737179487179
227 306 0.741830065359
226 307 0.736156351792
240 331 0.725075528701
278 319 0.871473354232
266 319 0.833855799373
249 330 0.754545454545
241 315 0.765079365079
242 324 0.746913580247
227 324 0.700617283951
