88.6154461785 96.5374304386 52.3130086216
86.5746298519 92.2487736312 60.7680363262
88.0152060824 96.3089108382 50.9869108187
84.7539015606 92.0420632634 51.0302393977
87.5950380152 94.6757702178 54.7558341523
87.4149659864 94.3333046154 55.445530413
84.8539415766 92.8758766805 48.9326130532
84.093637455 92.4371143129 47.2164398386
85.4541816727 92.2513937044 56.1185530362
89.9759903962 96.3419965274 62.0315902108
83.1332533013 97.572046017 15.1377715032
82.8931572629 96.8594366801 15.6540402367
83.0732292917 96.9580713076 19.4941149602
86.6546618647 97.4294303657 37.5027643621
84.1336534614 95.4073709465 33.8165655376
84.3137254902 95.4118038192 35.4277566052
83.2132853141 96.103938887 24.3721662839
89.4557823129 96.3935321249 58.9521626846
84.493797519 90.0082157956 59.3818291293
86.6546618647 93.4211773212 56.9422683992
87.3149259704 93.1164824759 61.7031221284
84.6738695478 88.252106669 68.0543307579
84.9339735894 94.1906330661 42.6311363397
85.3541416567 93.8771457382 45.6357569371
82.7330932373 96.0477909428 20.1187866911
82.7330932373 96.6888867074 18.8111722208
86.8947579032 99.8786503533 26.7897632742
83.3133253301 99.3616249005 12.0283263607
83.1332533013 95.1912331284 28.0346902856
82.8531412565 96.4977086168 21.5492338112
82.1928771509 99.9518304432 0.0
86.9147659064 99.9023702617 26.7883846817
83.2132853141 99.4107331432 11.2410012855
82.4929971989 98.2215531931 10.7468915006
81.4325730292 99.2205981034 1.10741971207
86.8547418968 99.8293771333 26.7883846817
82.9931972789 99.1960211373 9.89551053331
82.6130452181 98.3163278403 10.9223300971
81.4725890356 96.4784963165 13.6715166131
88.2352941176 99.2470476475 37.2037461561
85.8743497399 98.8556331852 29.4795157691
86.1944777911 99.950617284 24.2225722654
83.6534613846 98.8836840712 10.4412495134
83.0932372949 99.4902716953 9.11392308479
81.4725890356 96.2318826765 15.3151705296
91.056422569 95.6029892095 68.9444046742
89.5958383353 96.9200326882 55.1279019736
88.7955182073 96.8958641768 52.3888014846
88.8555422169 96.5923762087 54.5068219635
91.3965586234 97.7056719926 64.5797650007
88.2352941176 95.128415774 58.1868842272
88.8555422169 97.2348972171 51.1529790601
88.6354541817 97.3123528849 49.4951164662
89.7158863545 97.4059777228 55.4993456156
86.0944377751 91.9295806218 60.4024731849
85.8543417367 92.4644783176 56.624398371
89.2557022809 94.4100151011 65.2878461596
86.4145658263 93.2173444577 55.8758752768
86.6946778711 93.4266946747 54.5107573145
86.1544617847 94.0280378153 51.4817031478
88.1952781112 96.9305710478 48.2277301083
88.1152460984 96.2215382455 52.6791357079
91.4965986395 97.2128572941 65.8271997686
89.6958783513 96.2422223782 58.8357773853
88.8155262105 96.219631288 54.9728183728
88.9555822329 97.2137401064 52.0729228146
87.1548619448 95.3252861119 49.4009833638
87.6150460184 92.4898915875 66.8362541083
85.2741096439 93.8663436949 48.082243696
84.2336934774 93.2484184472 44.4128435897
85.8543417367 92.4341461856 56.3516990507
88.6354541817 95.4504467766 60.5548738134
86.2144857943 93.5718674337 54.3882953344
85.9743897559 94.5902961547 47.247613571
86.9347739096 94.9347675411 51.2741047629
87.1148459384 98.2049641673 37.7177662386
86.8947579032 95.2438018639 49.4744561849
87.4349739896 93.5596887347 59.7948013939
85.9943977591 94.2589977572 48.5728280096
86.1944777911 92.7056631301 57.1192455595
84.4737895158 93.6096822835 43.7577268545
89.8759503802 96.643728104 57.1492189182
89.8759503802 96.643728104 57.1492189182
89.3957583033 95.6355126582 61.347658358
91.6566626651 95.3386064214 74.2952106397
89.0556222489 94.6268629426 64.7153566456
89.955982393 96.3431620653 59.6878179821
89.855942377 96.3836808697 61.4452796155
81.8527410964 96.5065795665 17.5946210236
82.5930372149 96.1818133606 21.7612252664
86.1744697879 95.3293793614 46.0255468399
83.793517407 97.9028888689 18.7490362765
84.1136454582 95.526992668 32.8470936418
83.2933173269 96.8451330179 19.1049063318
82.8531412565 97.7850934331 14.149429535
86.2745098039 95.2967150463 47.0209743794
84.0136054422 96.5242143834 25.6031409629
84.0536214486 95.9529029311 29.7018537444
82.2929171669 95.8365417913 23.9293155459
86.1544617847 95.3293793614 45.9190505672
84.493797519 95.2067856881 34.9339545024
84.093637455 95.5283943797 32.7419411707
83.2933173269 96.8451330179 19.1049063318
87.2348939576 99.193633596 34.1482844043
86.9147659064 98.5001783156 36.056839445
86.2144857943 98.7478869299 28.919904614
85.2741096439 95.7949830098 37.8524570858
82.9131652661 97.8283434917 16.9624947083
83.0732292917 94.6878555725 29.9833712392
88.9155662265 95.6407042001 58.7163012926
89.4757903161 95.9904772639 57.9325672416
91.6366546619 96.1586971899 70.7933484154
88.9355742297 96.0685351431 57.6330540202
88.7354941977 95.0450416325 58.8366349163
89.5558223289 96.0196420673 61.4900630215
87.9351740696 94.4891696049 58.4725211987
87.3149259704 93.3529975539 60.005871816
84.7739095638 91.8550727726 53.8931832979
84.793917567 95.1055289034 37.0280506903
85.0540216086 93.2979447004 48.802199756
89.3757503001 93.7027892157 69.3029927102
87.6350540216 95.0963542622 54.8423334714
86.8947579032 94.3430821724 51.7724069779
86.4745898359 93.7239910664 54.9641232587
88.275310124 97.8568588512 42.5884454901
87.474989996 94.5683366263 55.6061204453
88.4753901561 94.8129466001 60.5632575257
84.6138455382 94.4530819415 41.2727881426
85.1940776311 91.1545572894 57.6302115919
85.5742296919 96.2324540702 37.985260771
82.4129651861 97.1406884326 12.3799089466
85.5542216887 97.8146440523 31.8381786805
83.5134053621 99.4393770647 10.9122880041
83.5534213685 94.6284256051 32.8519417476
82.0728291317 95.8759998783 21.1818136668
85.5542216887 97.8146440523 31.8381786805
82.8531412565 97.4172324496 17.8702127805
84.1136454582 95.205944669 34.2328658982
81.3325330132 96.9328077115 13.7158254469
87.2348939576 99.1941699231 34.1751159238
86.5946378551 94.7632586163 51.0019400875
86.1744697879 99.9017077865 23.0129747813
83.793517407 95.4837963918 32.863541122
82.9331732693 99.5092417325 9.36869336103
83.2533013205 94.8783868146 30.7765075638
85.9543817527 99.9755978526 24.9451745652
84.2136854742 99.3239071027 11.5103783932
82.8331332533 96.9875758243 17.9093567251
80.7923169268 96.660670994 12.0412723449
87.1948779512 99.1197177833 34.2552434365
85.7142857143 99.9264343853 22.7130325815
86.2144857943 99.9508719949 23.0129747813
82.3329331733 96.6982269928 17.1800947404
82.6730692277 99.3622637401 8.61013229554
81.5526210484 95.3504668739 18.5934905984
87.1948779512 99.1197177833 34.2552434365
85.7943177271 99.9004415299 26.2626136538
86.2144857943 99.9508719949 23.0129747813
83.0132052821 94.9191921617 31.1300548239
82.6130452181 99.3128810241 8.54043894627
82.2529011605 94.0675573513 29.0660429045
87.174869948 98.87899769 37.5911836
87.6150460184 99.4119319939 33.7328237074
85.7943177271 95.7997852613 40.2045360318
82.8331332533 96.9133381107 19.8651795226
89.8759503802 95.2397990249 65.5929492183
89.0556222489 96.6296647815 53.157654541
88.8955582233 96.6428084232 49.4387703914
88.9955982393 96.5841499054 52.9777035369
91.1364545818 97.4694650927 61.8047469772
88.6954781913 96.536514687 51.4833699119
88.1352541016 95.8285988043 54.3903268169
87.9151660664 96.8131563793 48.3515872389
88.8355342137 97.2577061836 51.2804513072
86.2144857943 93.2062860896 53.3668252612
87.4349739896 95.9971759316 49.9550157445
87.775110044 94.07021337 60.5273749857
86.3745498199 93.1675666167 54.9625649672
87.1548619448 92.9617024729 59.9809319398
86.0544217687 92.6633058896 57.4310781908
89.0356142457 96.8672955517 52.3787175634
88.1152460984 96.0387753917 51.1911156571
90.4161664666 97.7354857624 56.8476571175
89.6158463385 96.1467224169 58.5612824809
87.87515006 95.4962797631 53.6872163334
87.3149259704 97.2845271453 44.5081741628
87.074829932 95.020022001 51.6881337945
86.8147258904 93.4039612201 57.4537404105
85.0540216086 92.4786970706 49.6218515021
85.3941576631 92.3573013301 52.2442540262
85.0740296118 91.660562639 56.2224443556
88.4353741497 94.4176258235 61.4057112747
86.9547819128 94.3844752542 51.8190224884
87.6150460184 94.8230999363 53.1212880738
86.4945978391 95.4111040554 47.27443745
87.0148059224 97.6041608829 38.7688265688
87.4949979992 96.5127018114 47.8001143787
86.2344937975 93.7238039416 51.5238700007
84.793917567 92.4339771607 52.41552327
85.3941576631 92.6740413078 52.0268542318
84.9339735894 94.4464315131 41.0944528836
90.1960784314 95.8683597643 64.3760637827
90.1960784314 95.8683597643 64.3760637827
90.1960784314 95.8683597643 64.3760637827
91.7967186875 95.662536633 74.7502359232
89.8959583834 94.4613236956 68.8685054669
89.6758703481 96.0449459694 60.3366648069
89.8959583834 96.4066249347 59.292233187
81.5726290516 99.0755482749 2.08020520521
82.7531012405 99.903203734 0.119904076739
86.6946778711 99.8793668771 22.8938901474
83.5134053621 99.0757367325 12.0185538845
83.4933973589 93.5694798109 36.4735099788
81.8327330932 99.6094465588 0.443004860007
82.7130852341 99.8545774271 0.119904076739
85.2741096439 99.9261911621 22.9078172018
83.5134053621 99.269405684 11.0706423798
83.993597439 95.6794996349 26.2383318278
82.1528611445 99.9515150489 0.222867135469
85.2340936375 99.8767514082 21.9894281883
83.5334133653 99.1000854055 12.0185538845
82.9931972789 94.8218592853 30.3123309749
81.8327330932 99.6340105479 0.335129994851
87.6350540216 99.460150142 35.2163825248
86.6546618647 95.6246030051 46.8928117983
86.5546218487 99.9034471029 22.5117882519
83.993597439 94.0228725623 37.1946921639
83.5534213685 99.5619879682 9.66285966286
82.9531812725 94.8037159849 26.6880952835
89.3157262905 95.9474089918 59.3672922746
89.6358543417 95.8013169538 61.7216846184
91.0964385754 95.3203110775 72.629023802
89.2957182873 94.2539204024 66.2732809037
89.5158063225 96.5628535305 57.1345576111
89.5358143257 96.6742318177 55.9958897566
87.9151660664 94.3449295369 59.1656079752
87.3549419768 93.1616765712 61.7503905258
84.6738695478 88.252106669 68.0543307579
84.9339735894 94.1906330661 42.6311363397
85.6342537015 94.367602538 44.5977287211
89.2757102841 94.7448358977 65.1078894908
87.6350540216 92.5441595859 64.78488751
87.274909964 94.2138748048 55.0910090645
87.3949579832 95.4121658448 49.7160063449
87.3549419768 99.3636578374 34.1022683583
87.2148859544 94.1083124988 54.8368096744
88.4553821529 94.673140371 60.4676565967
84.9739895958 90.8985774405 58.9604591837
86.3545418167 94.118387362 50.0322948206
83.993597439 92.4560637639 46.4590743469
82.7731092437 99.9513736932 0.0
85.2541016407 99.9264285071 21.8846063854
83.6734693878 99.465410173 11.1137611887
84.4137655062 95.2440359578 30.5607675134
82.012805122 99.7816414113 0.221292524496
85.1940776311 99.8521339735 21.8846063854
83.8135254102 99.5381357165 10.2491918064
84.293717487 95.5369144008 31.9440303956
81.9927971188 99.8778274213 0.107874865156
87.3949579832 99.559863733 31.891876424
86.4745898359 94.5937792573 49.9971323807
86.5546218487 99.9514432632 22.2749011919
84.2336934774 95.6170447333 30.0415832415
83.1732693077 99.6091124228 8.72415857819
83.1532613045 92.254022459 40.8713236121
85.1540616246 99.8043451854 21.8916414057
83.3333333333 99.3676623458 9.64478670691
81.9327731092 95.6565915353 22.3898541623
82.0528211285 99.9754360108 0.0
87.4549819928 98.9753193152 34.642847063
86.2945178071 99.7550820475 25.8171669952
86.5546218487 99.9511957052 22.2749011919
83.1932773109 97.4582375653 15.8951023135
83.5734293717 99.4894104441 9.89180514157
82.2929171669 95.4315633702 21.0193853928
87.474989996 99.337348166 35.1900357627
86.0344137655 99.9755620723 24.8139783816
86.5346138455 99.9276016923 22.2749011919
83.4333733493 94.1005562472 34.4213264268
83.0132052821 99.3649625089 8.94573056148
82.2128851541 93.0550865176 32.6032249974
87.0948379352 97.5954121184 38.7132847966
88.0952380952 99.5165359256 33.1846958273
85.9143657463 99.2864601462 28.4893262255
83.1732693077 99.364811847 7.85510516881
89.7959183673 94.9636811162 67.2024258015
89.3757503001 95.6049234258 60.7188230533
90.4761904762 94.8956926071 71.4694006257
92.0168067227 97.8669231966 65.1156757827
89.6758703481 96.1233007803 61.2585860247
89.9359743898 95.6167690081 64.2379168296
89.8159263705 96.360059856 61.4481076311
88.6954781913 96.5984073706 51.8560593813
88.2152861144 96.6587657677 49.4447580723
91.3165266106 97.3538751395 62.9911159727
88.6554621849 96.2292301283 54.8247869981
89.9959983994 97.3126578613 55.4091155221
88.4353741497 96.6680761989 53.1931542229
88.5154061625 97.4105835209 47.4788175076
90.5762304922 97.0414692087 62.1136967388
88.5954381753 96.0924225392 54.7887488981
87.8551420568 95.5289563083 51.5740298349
88.4353741497 96.9536445713 51.4428880344
91.3765506202 97.4159536166 63.7302480518
89.3557422969 96.5226132746 57.0408992339
88.6754701881 96.5364538625 53.4604086882
88.3153261305 96.9085293015 50.3229567844
90.956382553 97.3368486086 63.4024936228
91.3965586234 97.779524488 62.0719274071
90.856342537 96.8149583938 63.8278580199
88.7755102041 96.5400651229 51.5484052502
88.5554221689 96.5845938477 53.7890737391
88.6754701881 97.0895631352 49.2010723287
88.7354941977 95.292341368 58.0047082812
88.3153261305 97.3170912639 47.3447035079
91.0964385754 96.5328821775 65.3108357097
89.2557022809 97.5646341104 51.0148362143
89.6358543417 96.0018802118 59.906383168
88.5354141657 97.5196701164 48.9356442346
88.1152460984 96.922067884 46.99192043
88.6954781913 93.7984559866 65.7920428474
86.2745098039 92.1002923257 60.7010998195
87.2348939576 93.7910785034 56.6183724296
86.2945178071 93.9380438661 52.3695084211
89.6558623449 94.5432336205 67.6277994762
87.8951580632 95.7643418181 51.7606991711
88.0552220888 95.3515106212 54.1058187581
86.8747499 95.6503115663 48.2906394541
87.775110044 95.0964354455 54.8833726049
87.5350140056 94.6659155045 55.7465493715
89.1756702681 94.6704288277 64.1388751147
85.4941976791 93.7510740463 48.3617899788
86.8547418968 93.5450039124 57.1468260055
85.0740296118 91.5552082121 57.4630672659
88.1552621048 96.7826865754 47.148584451
90.4761904762 97.0345626427 61.3199325676
88.6954781913 96.1830448626 54.0464010263
87.274909964 95.4188745992 51.4434729398
87.975190076 96.2961837853 52.3359355392
90.4161664666 96.7718913842 61.8594977081
88.8755502201 97.2671756792 50.6328225274
87.3949579832 95.5182287969 51.6492342567
88.275310124 96.3290545714 54.6647091684
90.656262505 96.9766457981 60.2303678249
91.3365346138 97.5268509555 63.8462475634
90.4961984794 96.7801844892 61.7950592521
89.3157262905 96.9789130404 52.6761651079
88.075230092 96.7747764313 50.3173714043
87.7551020408 96.9007265674 44.7157171209
88.5954381753 94.7262921449 61.6626299793
86.4345738295 94.2043939104 53.7137427138
86.6146458583 93.2751365111 55.1621797015
87.174869948 94.7489634703 53.6231093357
87.6550620248 97.922927802 38.1442602903
87.8951580632 95.6426448486 53.1435412083
86.6346538615 94.8257766042 49.8082374958
85.2741096439 94.1363532277 42.9870731748
84.293717487 93.3086364296 45.277828441
85.0740296118 92.7357057126 49.3196653489
88.3553421369 93.9128596763 61.4244667262
89.1956782713 95.2678063037 61.5614675562
88.6154461785 94.3731301709 62.4858579137
87.8551420568 94.7655317099 54.2112617331
86.1544617847 94.7742519231 49.1780137625
87.0548219288 95.2872689973 48.6278385584
87.174869948 95.2985201014 50.8643551816
87.9151660664 99.2441422758 36.5135309728
87.5350140056 93.2030005103 63.0330427399
85.9343737495 93.8085238258 49.3717666499
89.6558623449 96.1586026358 59.4889437363
89.3757503001 95.387499781 62.3936678297
91.356542617 95.4220755966 72.0770494955
89.7959183673 95.9640753485 61.8547181712
89.8359343737 95.6230517272 63.7536555352
89.5558223289 93.4775510392 72.5014596603
90.0760304122 95.5631595214 63.9712258357
91.3765506202 94.8935211178 74.7836755875
89.3357342937 94.5652510046 65.7885186738
89.6158463385 95.8190581769 61.6776266575
89.5558223289 93.4775510392 72.5014596603
91.356542617 95.4220755966 72.0770494955
89.2757102841 94.5161230262 65.6806438087
89.8359343737 95.6230517272 63.7536555352
89.5758303321 93.5518452443 72.293126327
90.5962384954 94.7293648887 71.783157068
91.8167266907 96.333911328 70.8034556499
91.7366946779 95.3197636721 75.890083632
90.4361744698 95.4915416386 66.0865040519
88.8755502201 95.4786153861 58.5158162564
88.7755102041 93.9185619541 65.7351425374
82.4929971989 99.9758103532 0.0
86.6946778711 99.9277799179 24.4046188708
83.8535414166 99.3938525574 10.5959883738
84.2537014806 95.4493987044 32.1473011602
82.7931172469 99.879488021 0.231506601555
86.6946778711 99.8537802445 25.6289676041
83.2933173269 99.3174139881 10.2355584547
84.3337334934 95.3643888443 31.7269996716
82.7931172469 99.9274836838 0.232288037166
88.075230092 99.2498280113 35.1673199536
86.8147258904 97.1929662933 39.7464887877
85.5742296919 99.8266585376 23.9838033766
85.3741496599 96.4758733698 29.5909512211
83.4733893557 99.5110493302 11.3338861214
82.5330132053 93.1484394697 33.347128521
86.5346138455 99.9026405169 24.6598326745
83.2332933173 99.4427422139 10.139072623
83.5334133653 95.1997958746 31.4626523848
82.8131252501 99.9758278946 0.116144018583
88.175270108 99.5877710574 34.1583331344
86.8147258904 97.1929662933 39.7464887877
85.5142056823 99.8016593718 23.8650026491
84.6138455382 94.8445256596 37.0234005638
83.5534213685 99.6089105848 11.3338861214
84.4737895158 96.2013343017 30.8962043499
88.175270108 99.5877710574 34.1583331344
85.9143657463 94.4523699398 47.2019025584
85.5142056823 99.8016593718 23.8650026491
84.4737895158 94.2345025283 39.2453197248
83.5534213685 99.6089105848 11.3338861214
83.3333333333 94.990130622 29.0610648558
87.7350940376 98.4602787794 37.8717022499
87.7551020408 99.6299178535 36.4713401216
85.7543017207 96.1757050584 40.9629512773
83.9735894358 91.6191034616 46.8754532367
89.5358143257 96.3653177613 58.6207028082
91.0764305722 98.0976346198 58.7801670283
89.5558223289 96.5770137305 57.8223541227
89.0156062425 95.2072293851 60.2090054905
88.7154861945 95.6675147699 58.4684624912
91.056422569 98.0607203691 57.7782547787
88.9755902361 96.282571725 56.1828030979
88.7354941977 95.0450416325 58.8366349163
88.7154861945 95.6675147699 58.4684624912
88.8955582233 92.9273080027 70.5641405008
90.8963585434 95.7443951 69.083709473
91.4565826331 97.2952289874 65.291005291
88.5754301721 94.5685459648 61.6945146138
89.1356542617 95.1604773031 61.1453586067
88.4753901561 95.7663481689 56.0696671518
89.9759903962 94.7069863554 69.0076375349
87.7150860344 94.2515666797 58.3209689385
87.2348939576 93.8876895437 57.6129379552
86.4145658263 94.2177680506 52.616153574
87.5350140056 94.9215432499 53.9155113522
87.5950380152 95.7228613002 50.8965202892
88.4753901561 94.673140371 60.5734767025
85.8143257303 91.2464599282 61.4089518816
85.9543817527 93.2411905929 52.0904122449
83.9735894358 92.4314635179 46.4590743469
87.474989996 94.7551143389 54.4205618573
88.2352941176 96.1120446837 52.656987483
89.8959583834 96.3025421457 60.9148318826
88.3153261305 94.2544578074 59.8211036585
87.8151260504 96.8389704977 45.8869272335
86.7346938776 94.4283787058 52.0662358647
87.5550220088 99.2227218382 34.456568887
89.0156062425 93.8257234978 67.3060218253
88.1352541016 95.8834454607 52.4237746968
85.4341736695 96.0961029726 37.4397344794
86.3545418167 99.928057554 23.0678697296
82.9931972789 99.4850592086 9.89043991516
84.2537014806 95.2581476334 32.0267708026
82.7731092437 99.9516557892 0.0
88.0352140856 99.5880173533 33.361973635
86.2745098039 94.7151270539 48.5114512697
85.5142056823 99.8262596178 23.7560701872
85.1340536214 94.8752517018 36.3498354792
83.993597439 99.5137225445 12.080617271
83.7535014006 94.6406410781 32.4266044931
88.0352140856 99.5880173533 33.361973635
86.2745098039 94.6625747381 48.8906088751
85.5142056823 99.8262596178 23.7560701872
84.4737895158 95.3443017366 34.4490630879
83.5734293717 99.5107630783 11.873963215
82.9731892757 93.6355627059 33.2567190708
88.2352941176 99.5385637719 35.3753098542
87.5950380152 99.5561702536 35.9404667315
85.5542216887 95.8754755434 41.2409621664
84.0336134454 94.0996663712 37.8243478058
87.9951980792 99.3453998846 34.2039227233
86.5146058423 99.9517258026 24.8275555828
85.6942777111 100.0 23.1537021648
83.5534213685 97.6859962037 17.7280614761
83.3133253301 99.266662896 11.5510413874
82.5330132053 93.4409501434 31.6447549876
87.0348139256 99.4107414888 32.5605175711
87.575030012 99.2609349511 36.779664162
85.8543417367 99.9753451677 25.1734775931
83.4733893557 99.2683173592 10.9387026125
87.0348139256 99.4107414888 32.5605175711
87.5350140056 99.3102811145 36.3563837388
86.5746298519 99.8298787323 25.5710615622
83.2733093237 95.2414704049 28.4097027636
87.2348939576 99.3061097921 36.1064472902
89.0756302521 94.7947073721 63.3365217265
89.3357342937 96.3640831836 58.291799148
89.0956382553 96.1211050917 59.201099348
88.4153661465 95.7333363768 56.4191503781
91.8767507003 96.8449237065 68.0832684863
88.8755502201 95.8680528963 57.3834058729
88.3553421369 95.9237718833 54.1256910273
88.1352541016 95.4467991218 56.8665040773
88.275310124 94.9824378763 58.5352362182
83.9535814326 93.0790961812 42.2594751574
86.5346138455 95.3327770213 45.6760303947
86.2745098039 93.8254405682 53.0647857557
85.2340936375 92.6121732017 51.1239858843
85.7342937175 93.4072004139 49.7319810722
83.8535414166 92.3583097609 47.0588235294
88.3353341337 96.0016675348 54.3923408004
89.2557022809 96.4109959378 56.7610655944
91.3765506202 96.8199490674 65.9291646832
89.1956782713 96.2590800335 57.4523312047
87.9951980792 95.8753255333 52.3418990341
88.4353741497 96.5616518349 53.2663911281
85.4341736695 92.6585309205 54.7063673349
86.4745898359 97.6089200798 35.1638176638
84.1736694678 94.5224876666 37.9786933185
83.6134453782 94.2042011979 35.5897576089
82.8131252501 89.5470999376 55.8056170674
86.8947579032 96.0363837427 45.8023648649
84.4737895158 93.6064489507 43.6633576601
84.5138055222 93.2342972332 45.1310369965
85.3341336535 92.6543421711 53.9664226689
87.7951180472 97.883071332 41.5358215025
86.974789916 95.298239925 51.92638903
85.9343737495 96.4391780422 38.5437800069
84.5138055222 94.9054849362 35.9888543958
81.6526610644 94.7664804514 27.647095814
84.0136054422 94.784106173 34.7281677018
89.7559023609 95.2875413751 64.7106602454
89.1756702681 94.9075116957 63.5286207278
89.2156862745 94.9075116957 63.7457759938
91.4365746299 95.1934768294 74.858397912
89.0156062425 93.6073690487 68.3994569585
89.4157663065 95.0143106511 64.2703277582
89.4157663065 94.8011402054 64.3564545441
82.6530612245 98.0426467192 8.72304933678
83.0332132853 98.5220315589 10.1995500374
86.8347338936 99.3109487592 28.9868285257
83.893557423 97.1008534622 24.4785851425
83.1132452981 93.7987705877 36.2054954724
82.5530212085 97.9809151454 12.1101564463
82.6130452181 97.9947539989 8.72304933678
86.8347338936 99.3390140511 28.8572970105
83.6334533814 97.8079282294 20.3601667502
82.7130852341 94.068011492 30.7785442571
82.5530212085 97.4629750706 14.6913639204
86.7947178872 99.2636682029 28.9092389092
82.8531412565 97.3282446066 19.7728516694
82.9931972789 94.6822013979 29.5919207404
82.2328931573 97.7426763388 12.1310758716
88.4953981593 99.4439226651 37.8368127513
86.6346538615 98.4218522714 35.9261551155
86.3745498199 99.040251544 29.1682808535
84.1136454582 95.4152211967 31.2626683863
83.4133653461 97.6030836274 19.7697552824
82.6730692277 93.9285688995 33.1255151236
88.5954381753 95.3857674098 58.7392853226
89.5558223289 95.2641629942 63.7074526242
91.0764305722 95.9633543911 69.9655929514
89.3357342937 95.1357366698 62.4723423002
88.175270108 94.5568950788 58.0842575527
89.8359343737 95.9421087696 61.3910905453
85.5542216887 91.8359992917 58.0919425288
85.7743097239 99.8522358615 23.1727388512
83.1532613045 96.2390565987 24.0286136991
84.4137655062 95.6063781697 32.0940373093
82.3529411765 90.8977153023 41.6051993045
87.575030012 91.9066646453 68.5378585464
85.9543817527 91.7013958248 59.586927519
86.1344537815 92.5881312055 55.4112501838
85.1940776311 91.6743119106 54.3553700871
87.0348139256 99.2930681093 32.722266989
86.4745898359 95.6231386634 44.0367801817
86.4345738295 99.5361386014 28.5361969069
84.1336534614 94.7387006329 37.8034562903
84.1336534614 99.4680342949 11.0929443977
82.6930772309 95.3061490743 27.9190882223
82.8931572629 97.9279792949 10.7281073978
86.9147659064 99.9277758009 26.744163783
83.0332132853 98.4856961886 14.4788488794
83.0132052821 95.810055543 24.1559501505
82.5730292117 97.3218817914 15.7481920825
86.9347739096 99.8785649181 26.9607244607
83.3133253301 97.8603272126 17.9031152691
82.9531812725 95.7366341039 24.1559501505
82.9131652661 98.5610387852 12.1594369916
88.5154061625 99.4170442958 38.0153612924
86.2545018007 98.5478380913 33.4612211221
86.1944777911 99.950617284 24.2225722654
83.5534213685 93.2448178881 38.6078908244
82.9331732693 96.4098714807 22.0787612169
82.8331332533 98.1124967942 14.8461379962
86.8547418968 99.7596150868 27.1478318739
83.1132452981 99.2144788878 11.5978316862
82.3129251701 98.0019623045 10.7721569295
81.8327330932 98.9554889125 4.5946229054
88.2152861144 99.1268832837 37.6187577016
85.5742296919 99.3052154255 28.0823125919
86.0544217687 99.7536326887 24.3300991472
83.993597439 98.7684300176 13.2071223069
83.0732292917 99.2936612246 10.0516461962
81.0324129652 97.499115079 7.66088558421
88.3553421369 99.1256980008 38.4551219037
86.0144057623 98.8780838746 30.1074024602
86.1144457783 99.7570487434 24.6970681136
84.1536614646 97.3889149568 20.8163276186
83.2733093237 99.0717054695 12.0894936053
81.9727891156 98.3798527945 8.73649333144
86.9347739096 99.1328303178 35.430536839
87.4149659864 99.0676257336 34.7696084344
86.7346938776 98.5163536498 29.8343952615
83.1532613045 98.3764837117 15.1951677884
89.5958383353 94.1046638614 69.1933477151
89.5758303321 95.9749073935 60.3137580344
89.1156462585 94.6039306045 65.6301847093
91.5766306523 96.6477416675 68.4591096354
89.5758303321 97.4209831851 53.5480566312
90.1160464186 96.6360041666 59.5885994065
89.9359743898 94.3525701754 70.547021401
88.9755902361 95.9316382859 56.8915155693
88.3553421369 95.1320179812 58.7589078616
90.8763505402 96.8530716662 64.7704875187
89.4757903161 96.2440255085 57.5000921149
88.8555422169 96.6685559889 53.6255969622
88.5354141657 97.2082532801 50.0125796427
88.9755902361 96.4540808838 54.1077123938
90.3761504602 97.0936803665 62.4481713508
88.5154061625 95.2717618936 59.2764360774
88.7755102041 96.5948942417 53.5204444911
88.5354141657 96.5988763169 52.0812993396
90.2160864346 96.9183377926 62.4741577771
88.3753501401 94.8593790909 60.1365301984
88.8155262105 96.569717343 53.8359019043
88.5754301721 96.3830489788 53.3509401679
90.4961984794 96.3263648154 64.6531667187
91.1964785914 97.0564578572 64.135164023
90.7162865146 97.5087101113 60.0095227747
89.6758703481 96.4127263756 60.0569235903
89.3357342937 96.4034906752 57.4319890949
87.3149259704 95.1042227904 52.4279235627
89.5758303321 96.663168484 58.5908510354
89.0156062425 96.538066439 55.6221715362
91.2364945978 96.2127068095 67.7756517171
89.4557823129 97.1508174209 54.0783312048
89.6158463385 97.0133806435 56.2519393158
88.4553821529 94.2044668419 63.5197493756
85.8743497399 94.5750029824 47.2548917644
87.9351740696 95.5770115364 52.607307287
86.0344137655 93.7897054493 50.3931585406
85.094037615 94.2519228824 43.8257824493
83.6534613846 91.8422770366 47.8728668565
88.7555022009 94.0588581192 63.396860305
86.8347338936 93.8890457868 54.4916371286
85.3341336535 92.5482104333 53.0871653938
86.2344937975 95.4822386554 45.7145585344
88.3753501401 97.3237284233 45.8290585154
87.3149259704 94.9585328034 51.1785730317
87.174869948 92.5335221778 63.8124769076
85.6542617047 94.0434218838 44.9869075674
83.6534613846 93.0387433912 42.9583580446
84.3737494998 94.1155554373 43.8942565754
88.9155662265 96.5657472811 53.7258493697
90.6162464986 97.3151201009 62.8285764623
89.4357743097 95.951549287 58.5749668657
87.975190076 95.4630129116 54.9752244689
88.8755502201 96.8521280197 53.0117918048
90.6162464986 97.3151201009 62.8285764623
88.2953181273 95.0053377746 59.0484458536
87.9951980792 95.8753255333 52.3418990341
88.8955582233 96.755141747 53.6156565391
89.8359343737 97.0448727662 57.1495858928
91.1364545818 96.802178598 66.2302057288
90.3961584634 97.0478109997 60.3225191309
88.7154861945 96.0668280262 56.564779001
89.4957983193 96.5338247791 57.4859325286
88.0552220888 96.5691492609 50.144572866
87.1548619448 92.8278246977 62.3348234069
85.3741496599 95.098235156 43.2799216083
84.1736694678 92.1492223944 48.4398265762
85.2541016407 92.0607243688 54.7595746298
87.0348139256 98.107220872 37.7054190935
86.9347739096 94.9878656896 52.259057971
86.0544217687 95.8097638631 41.8211499428
84.8339335734 95.0872500097 39.103807361
83.9535814326 95.2835836841 32.6765241977
83.6334533814 94.5836538424 34.0166019306
87.0148059224 98.0589435076 37.8315318814
87.4349739896 94.0281945873 59.11106466
87.1348539416 93.5807655981 57.9580889456
85.5142056823 94.0598084634 48.0761585694
85.6142456983 92.0457968004 56.4084365123
85.7342937175 93.1848906568 52.4478026841
87.975190076 95.4294776429 57.0569728686
87.2549019608 99.0447001102 33.4167925607
86.8147258904 95.4659149615 47.2023627143
84.6138455382 93.2855858787 45.3719565322
89.2757102841 95.0255131061 63.3815680875
88.8555422169 94.6344349766 63.0431956393
91.9167667067 96.0869578131 72.4253564971
89.5558223289 95.3595738844 63.8694011925
89.8159263705 95.7450612539 62.439354244
89.5558223289 95.3471569881 64.3199361222
88.7555022009 94.6344349766 62.5335116433
91.5166066427 95.8408068994 71.5224749312
89.3557422969 95.3112816439 63.2970947866
89.6558623449 95.9168486952 60.7346020425
88.7154861945 95.1614315957 60.2781088218
91.5166066427 95.8408068994 71.5224749312
89.5558223289 95.3595738844 63.8694011925
89.6158463385 95.7902132342 60.3541296061
88.8155262105 94.94213335 61.8373999953
91.5766306523 95.2522756252 74.1685397047
90.5162064826 94.0693888764 73.8833380086
91.7567026811 96.1477592181 72.2932930015
89.4357743097 95.3722625535 62.0825712435
89.4357743097 94.7440057554 64.7475779057
88.8955582233 94.0269083329 66.3516974434
82.1128451381 96.2350684986 20.6399399293
86.2144857943 98.9901405773 30.6228594186
83.2332933173 97.3696253759 17.012662816
83.1132452981 93.7063386 35.3639725576
81.2525010004 95.043715936 21.6872698705
85.8743497399 99.2368921151 27.2568194377
82.6930772309 96.0854441359 24.9733770156
82.8131252501 95.6162526584 24.7005042221
81.612645058 97.3940095472 13.6152451996
87.2949179672 99.2179113333 34.3758156898
87.2348939576 98.612418009 34.4707221829
86.1344537815 97.8393452689 31.8734691256
84.0736294518 98.0588344856 22.9314460819
83.4933973589 98.1612295852 18.5859013589
82.1728691477 93.815861615 29.0812977313
85.8543417367 99.2368921151 27.1503231651
83.9735894358 98.4106442495 18.4054834055
83.1932773109 94.2993704755 33.260923136
81.2925170068 95.0935542839 21.693114205
87.3349339736 99.2179113333 34.5854592957
86.9947979192 98.6990592396 35.9449394645
85.9943977591 96.6594042659 36.2820712762
84.5738295318 98.4826753257 22.3105426535
83.6134453782 98.1363910358 19.306065968
82.1328531413 93.8890893986 28.5384095663
87.3349339736 99.2179113333 34.5854592957
86.974789916 98.67416504 35.9449394645
86.0544217687 97.7891454507 32.2420350927
84.6338535414 98.5097675428 21.6867312961
83.4933973589 98.1612295852 18.5859013589
82.0328131253 93.8242499983 28.3122679086
87.7350940376 97.7965720161 45.1393896873
87.5950380152 99.4116735905 33.6163773019
87.37494998 98.3343259716 34.3078145822
84.3337334934 98.2943259622 21.0661766955
88.4753901561 94.767314355 60.604447883
91.156462585 96.2138223725 68.2830259053
89.0756302521 95.479943407 60.9691525075
88.175270108 94.6530064641 57.5885031776
88.8955582233 95.5557171281 59.5329627614
91.2364945978 96.425544074 67.2568051977
89.0956382553 95.5296205058 60.866271849
88.2152861144 94.6755190409 57.7011157902
88.8755502201 95.6298461125 59.112352877
89.6758703481 92.900648547 74.4076229911
90.6162464986 96.0683050303 65.7642990019
91.2965186074 96.9051959206 66.3085533468
88.9755902361 95.415785515 59.3423615758
89.3557422969 95.2411129367 62.4756871434
89.4357743097 94.8379409231 64.3139383603
88.0152060824 91.9372332109 70.2786882359
85.6742697079 91.7944491609 58.8268983746
86.5746298519 93.090910934 55.4332549471
85.0140056022 91.3565901785 57.1151548182
87.8551420568 99.5622599299 32.4251562033
86.5746298519 95.7605877257 45.140572403
86.2745098039 98.2891159752 33.7970912281
84.9539815926 94.9523423145 38.7348564509
82.6730692277 94.8302029643 27.176263843
84.1136454582 93.4510616038 42.6342120181
87.4949979992 96.7376235526 45.3365075362
88.0152060824 92.5767595282 67.1802594539
88.0352140856 93.9893910904 61.9100896013
85.9143657463 93.2263323797 52.1625225264
85.4941976791 91.2420633191 59.2324623161
85.5742296919 93.1645209171 53.0759941666
87.975190076 99.4406585511 34.5721802611
87.8951580632 99.4106517684 37.0673298818
87.3349339736 94.7403734268 53.3946369583
85.5742296919 95.0207687654 39.1832432304
85.5342136855 98.0982616001 30.2351661727
83.793517407 98.8838615881 13.4031686592
83.2533013205 98.3346373419 15.4555896988
81.9527811124 98.0319138316 12.6309905241
87.2949179672 99.2912808723 34.0434626013
86.2144857943 98.4754455631 33.6546125975
86.2144857943 99.9508719949 23.0129747813
84.5738295318 97.7218225354 25.2772302572
82.9931972789 99.1935234668 11.1543806408
82.3729491797 98.3706921299 9.22721723095
87.37494998 99.2912808723 34.4806374927
86.2545018007 98.5249750332 33.6546125975
86.2144857943 99.9508719949 23.0129747813
83.8735494198 97.5905023062 24.2779460348
82.9931972789 99.1935234668 11.1543806408
82.3729491797 98.3706921299 9.22721723095
87.2549019608 99.3492310406 37.0210727969
87.3149259704 99.3607372132 33.2409623559
86.3945578231 98.2252573773 32.3590032401
84.5738295318 98.144858682 23.0388489349
87.074829932 99.0221565793 34.0366559907
85.9743897559 98.9770364824 29.4795157691
86.2144857943 99.9508719949 23.0129747813
83.4933973589 96.9900734614 22.6503716066
82.5530212085 97.9289726925 14.1376256707
81.7326930772 98.1468259741 6.6384648435
87.975190076 98.7498440681 40.3869643784
87.474989996 99.3390062408 33.2683440402
85.9543817527 98.905837109 27.0827804932
82.9531812725 98.5344540909 12.2674013786
88.0352140856 99.0257468898 37.5063969847
87.2949179672 99.337526409 33.2271013368
86.3145258103 97.585264537 35.0155919454
82.7931172469 97.7020936777 15.6304852852
87.8351340536 99.0318282276 34.1904554126
89.8959583834 94.34542463 70.557607172
89.6558623449 93.9274484561 71.1978344987
89.8159263705 94.2476012013 70.557607172
91.0764305722 96.7388246052 66.1131985541
89.8959583834 95.9343367648 63.303568619
90.0160064026 96.818251798 58.0284233777
89.5758303321 94.492163568 67.8806746597
88.5954381753 95.6260770762 56.7207279527
88.1552621048 95.3360659168 55.9058658237
91.2965186074 96.7162924631 65.0893974658
88.4753901561 95.4662763811 56.6143746767
88.9155662265 95.8394752572 55.6876695688
87.7951180472 96.4244447143 50.8891026025
87.975190076 95.6352249411 54.1006672094
90.856342537 96.3317635036 66.1010125167
89.0556222489 96.2079610358 56.1901858096
88.1352541016 94.9675690505 56.2669125576
88.7154861945 95.8025302041 57.4955814914
90.856342537 96.1745429712 65.5534010943
88.4753901561 95.4167469111 56.82270801
88.9155662265 96.5565606856 54.322907985
88.8555422169 95.8759713359 57.9286095294
90.4961984794 95.7442126001 66.0394302084
90.8363345338 97.2335205568 62.3497231597
90.1360544218 96.2173105557 61.776900803
88.2152861144 95.7827291517 55.8103653412
87.6150460184 94.9600627011 53.686130213
88.0352140856 96.2061770166 49.9679524219
89.5158063225 96.2730566026 58.6805599002
88.4353741497 92.5881020187 70.081168058
90.7963185274 96.7852487049 64.1699997857
89.3357342937 97.4164440615 51.8314811707
89.2557022809 97.3018886687 50.9352458661
87.9951980792 95.5776519191 55.4104683625
85.7543017207 94.967042107 46.1077074399
86.5146058423 93.2735818281 56.5551314935
85.3541416567 93.0953072731 49.4843995775
85.0740296118 94.5226610433 42.5154928785
83.9735894358 91.6562224434 50.1660465262
88.4553821529 94.1022783865 63.1760058615
87.0548219288 95.1293913712 50.957091728
86.6146458583 93.4047812937 54.9912467959
86.3945578231 95.4382875324 46.8700435674
86.9947979192 97.3694675804 41.4102617874
87.8551420568 96.2531503819 50.8718649643
86.7547018808 95.0618788035 50.3814754109
85.8343337335 94.5925967935 47.0747420249
85.0340136054 91.8649945286 55.1171352279
84.0536214486 92.7449901316 45.1896906648
88.5954381753 96.5532651498 52.4258164165
91.156462585 96.8751899422 65.1384373411
88.2953181273 96.1714609892 51.7482115785
88.7555022009 95.8465183311 55.6113075605
88.3953581433 96.5488260186 51.7514958508
91.1764705882 96.3222747121 65.5162595592
89.0156062425 96.5667435099 54.302693296
87.6550620248 96.5579556872 45.716676106
87.2148859544 96.0442490619 49.5361361763
90.0160064026 96.6865771075 59.6193611012
91.156462585 97.3527183114 62.1614805919
90.5162064826 96.7689083774 61.2812196094
89.2557022809 96.7669651299 55.044613536
87.4549819928 95.1332792607 53.0086607659
88.275310124 96.6776269166 50.6097382557
87.4349739896 96.2285457932 45.2948059869
84.9739895958 91.7161885664 54.3095883311
84.3537414966 93.1633398939 43.6055668088
85.6342537015 92.3277352498 56.5659736106
87.7951180472 99.3945197913 32.685257602
87.7951180472 95.7527136952 50.698240994
86.2745098039 98.2352795607 30.7318135618
85.0540216086 94.3673803026 38.2143745428
84.093637455 94.7751767388 35.2892871138
84.3537414966 94.7491465956 35.7925062975
87.3149259704 97.2196947705 42.4321779853
87.3149259704 97.7472575372 39.0125812567
86.8147258904 96.5861957994 41.3199954468
86.4545818327 95.7722807844 39.319717363
86.0344137655 93.0153922316 53.798101353
85.0740296118 93.4785906584 46.1288641991
87.4149659864 97.6355723507 40.9997330482
87.775110044 99.1961039659 34.316353187
86.3545418167 95.4489667709 47.6578251606
84.7338935574 94.7726738984 37.4708655388
89.3157262905 94.8285365382 64.830025293
88.7955182073 95.087746675 61.0703019394
91.4965986395 95.1908165202 75.2137750363
89.4157663065 95.1593135849 62.7546023079
89.5958383353 95.8419759354 60.7874649265
89.5158063225 95.0966092959 63.3053130091
89.2156862745 95.1774457591 62.5490802573
91.5366146459 95.2406049195 75.2137750363
89.2957182873 94.2110526767 67.1428102851
89.3557422969 96.0383817913 58.5308363454
89.4757903161 95.1693723964 62.7379321649
91.5366146459 95.2406049195 75.2137750363
89.4157663065 95.1593135849 62.7546023079
89.5958383353 95.8419759354 60.7874649265
89.5158063225 95.0480534091 63.5328867084
91.5566226491 95.1921991671 75.5592604243
91.6766706683 96.1913709411 70.463130928
91.7767106843 95.8206076622 73.5654548558
90.0360144058 95.4740456498 65.5389853753
89.4957983193 94.9563741918 63.7316957959
89.4157663065 94.6661693729 67.0343820523
82.3729491797 99.8552724438 0.12077294686
85.1740696279 99.7057947374 22.4298204611
83.3733493397 99.1498593325 10.9315360795
83.7134853942 97.2579868409 17.3292790468
81.81272509 99.3422777279 1.09555971134
86.0944377751 99.8060880501 24.8619132418
83.5934373749 99.4172919679 9.56190658306
82.7731092437 94.8516321541 25.2326436224
81.6526610644 99.4166234412 0.338366240805
87.5350140056 99.4093261651 35.5200261665
86.0944377751 98.8696844305 27.9995256529
86.4545818327 99.5424457965 23.6945713733
82.6730692277 94.7202157294 28.9726389329
83.3333333333 99.4158616189 9.31336553627
82.8131252501 94.6910422708 27.6656411746
85.2140856343 99.6803592905 23.646651127
83.2733093237 99.3171164538 9.42429750918
81.3525410164 96.3116398351 12.2476047072
81.6726690676 99.4417157146 0.340162902323
87.575030012 99.0247020313 35.0979102534
85.6342537015 97.6161499634 32.7031027387
86.4345738295 99.4704515561 23.9314584333
82.6330532213 94.7669474037 28.4865914406
82.9331732693 99.3150646978 8.12269660796
82.2128851541 96.2998472339 16.6537034541
87.5350140056 99.4093261651 35.5200261665
85.6342537015 97.6161499634 32.7031027387
86.4545818327 99.5664438767 23.5742344298
82.9331732693 95.7545044487 25.4342787485
82.9331732693 98.5128554733 12.1890812061
82.2128851541 99.3700195602 2.3767685154
87.5350140056 99.8033250896 33.2003823017
88.1352541016 99.0343376758 35.718184961
86.2545018007 99.1859829843 30.6646523473
83.8535414166 94.9548927767 31.8711190942
89.4757903161 95.3869520856 63.5360921011
90.7763105242 95.85790939 68.5397188214
89.3157262905 95.1357366698 62.3637646672
89.3357342937 96.1103170845 57.936710089
89.6558623449 96.0459243709 59.6489185082
90.7763105242 95.85790939 68.5397188214
88.9355742297 95.9509476411 56.7531576197
89.3357342937 96.1103170845 57.936710089
89.6558623449 96.0216819467 59.7634660454
90.3761504602 94.2013152154 73.4500144381
90.3961584634 96.237525386 64.7114711471
91.156462585 96.5265210724 66.8339307049
88.7154861945 95.3024112746 59.826007326
89.9359743898 95.5832842784 63.437341717
88.1152460984 94.3138914325 60.5038569369
87.575030012 91.9522727281 68.416211828
85.9143657463 91.9159553836 58.2784056135
86.4345738295 92.898377142 55.5821865161
85.3941576631 92.325844787 52.436329103
87.3949579832 99.3877460502 34.3089032922
86.5946378551 94.9124132596 50.1874631908
86.2545018007 99.8779153861 24.9633043181
84.193677471 94.0203494927 40.6071808444
83.6734693878 98.9086622895 12.2105714255
83.5934373749 94.8683468281 32.7675512432
88.0952380952 91.0476874725 75.2007968963
87.8351340536 93.5123213122 61.5749941373
87.8151260504 92.5557381281 66.1955965182
85.7142857143 91.81121833 59.0374172611
86.2545018007 91.5376087472 61.3320736892
84.793917567 90.6153310472 59.9418747985
87.3149259704 97.2791923517 42.6678500949
87.775110044 99.3136364938 35.9173920464
87.2348939576 94.813238407 53.2525090182
83.9535814326 94.6161713404 37.4109605743
85.1740696279 99.6810667453 22.534642264
83.5934373749 99.4895242879 9.24455357008
82.1528611445 97.7426144245 7.95946105503
81.6326530612 99.3674685972 2.08811385856
87.6150460184 99.0005703744 35.4367884913
86.5146058423 99.5376358315 27.3720735727
86.5546218487 99.7343649773 23.3314258946
82.6730692277 94.4308689369 31.040794758
82.7130852341 98.3172509755 12.0675123998
82.0328131253 94.0725183584 26.3953551096
87.575030012 99.5323871653 35.2094671603
85.8743497399 98.4126984127 31.2963583164
86.5546218487 99.7343649773 23.3314258946
83.7334933974 95.77789695 27.6684747633
83.6734693878 99.5873207148 9.99862656335
81.712685074 96.1011644608 14.0343608829
88.0152060824 99.4646387601 34.8981064524
88.2352941176 99.3956680765 34.5462017657
86.2745098039 99.1115430143 31.0892807974
83.0732292917 95.7320896774 24.9066880179
87.0948379352 99.1661025081 33.9154848522
86.2745098039 99.8773862221 25.6368686582
86.5746298519 99.9270605398 22.0032397582
83.5134053621 99.4903894031 9.03584682451
83.2132853141 99.3174968458 10.0947977496
81.9927971188 99.2450740456 1.79746683568
87.3549419768 98.9760377129 33.9243187893
88.0152060824 99.127861536 34.5267429636
85.6342537015 99.285428425 26.9944354246
83.4733893557 99.3248566694 8.43666993706
86.7947178872 99.3860056486 31.8167047607
87.9351740696 99.2258231043 33.5866410013
85.8343337335 98.9410014704 29.7069016029
83.3733493397 99.5156011255 8.5943399307
87.1548619448 99.03733811 36.4416082241
90.3761504602 95.0972949268 68.4879756465
89.955982393 94.4913383213 69.7378313915
92.0968387355 97.7447076825 65.8159601684
89.8959583834 96.2202943417 61.9843778365
90.2360944378 97.0618718219 58.1410359903
89.9359743898 95.6066198208 65.1331520675
89.4757903161 95.4557151925 61.0360736721
92.0568227291 98.177593682 63.0463429561
89.2356942777 97.5181301435 51.1892875111
91.0764305722 95.296577265 71.6733749342
89.9359743898 95.6066198208 65.1331520675
91.9967987195 97.5525151162 66.1748283533
89.2356942777 97.5181301435 51.1892875111
90.3961584634 97.2576211169 58.1820221721
89.8159263705 95.4570311895 65.1331520675
91.8367346939 96.5924209905 69.7462874678
91.9967987195 95.4775836866 75.406764219
91.8967587035 97.3666205609 67.1708592844
89.5558223289 97.3222769767 54.8978232273
90.5162064826 95.6519833813 67.9128782515
89.7358943577 95.5018613973 65.0688399613
88.5154061625 96.0969274053 53.6973199205
90.5962384954 96.5864995052 64.2069784105
88.0152060824 95.6953871563 52.5808055376
89.0556222489 95.4648566176 58.7468876917
87.8951580632 95.4620328451 54.598343159
90.9963985594 96.8130565725 63.7218059559
88.3553421369 95.8165986394 52.4300524635
87.9151660664 95.7771813567 51.755268224
88.5154061625 95.7282905352 57.5549126362
91.6766706683 96.0837277832 70.523309809
91.0364145658 97.5221450982 62.4966606378
90.6362545018 96.2540976691 65.1994701209
88.8155262105 96.1212387533 54.3278177506
88.5554221689 95.7920297258 57.1516394746
88.3953581433 96.035495062 52.9667102633
91.1964785914 96.6865292177 67.2468034534
88.075230092 95.7154738439 53.8494310345
87.9351740696 95.8743903529 51.412158328
88.8755502201 95.6102229018 59.0285322087
91.4765906363 95.553029821 71.7844600527
91.6966786715 97.0596155231 67.7639200147
90.6762705082 96.2540976691 65.404598326
88.2352941176 95.0931830111 55.9808878863
88.5154061625 95.736630204 57.4426967436
88.6754701881 96.6115402676 50.9310043899
91.4565826331 95.5288401741 71.7844600527
90.7162865146 96.771866859 64.3980246279
90.7162865146 96.2540976691 65.6097265311
89.3757503001 96.5685240833 54.739882878
88.3953581433 95.7932361453 56.3373455095
88.6754701881 96.5393901954 51.2881472471
92.0768307323 96.9352256994 69.8485985428
90.7963185274 96.0152369599 67.5586506828
90.356142457 96.5625260863 63.7283862435
89.8759503802 96.3932674173 57.5792953932
88.5554221689 94.6117186008 60.0078439212
91.5766306523 97.3299986403 64.7639636878
89.3157262905 97.0415613776 54.7626029884
89.7959183673 97.0249189913 56.6356097326
88.9155662265 94.6961690461 64.138184261
91.356542617 97.0200713735 64.7758701512
89.2557022809 96.9923971691 54.6550761067
89.4557823129 97.2095673124 54.4938103052
89.1356542617 94.6171468489 65.1892270944
90.6162464986 95.2242841341 69.132104486
90.5362144858 96.4529238704 64.5115622673
91.7366946779 97.5627466553 65.4441519635
88.6954781913 95.1091616262 60.000473432
89.1556622649 96.4175901809 56.892234421
88.275310124 95.7299404199 55.3915396714
88.8355342137 93.7241494281 66.0854746565
86.9947979192 94.8098704164 51.9892805607
86.6746698679 93.5568642288 54.9644469385
86.6146458583 95.3389950379 47.926305768
88.2152861144 97.0968092041 47.0080552359
87.6950780312 96.250250432 49.9627740552
86.8347338936 94.5878963859 52.3468168629
85.0540216086 93.5433445929 46.3985088713
85.4541816727 93.8718687278 48.193558755
83.693477391 94.0550000161 39.5616430563
88.6954781913 92.8655835242 69.2702339854
87.9551820728 95.0469918222 55.249942328
88.8155262105 94.2307579731 64.3229505525
85.8743497399 93.7364262129 51.2771166638
87.2949179672 94.8453205454 53.716876432
85.9143657463 93.9191502809 51.9512727417
88.1152460984 97.145414693 47.8788675771
87.9351740696 98.5493081763 40.4602413466
87.6950780312 95.154101165 53.5435990153
85.5742296919 96.9691064705 29.3389663714
90.4761904762 96.8159081555 62.1328817673
89.3557422969 96.1721777122 58.215720467
89.2356942777 96.4508472722 55.5153699425
88.3953581433 96.1068238912 55.007865178
89.8959583834 95.7602951243 62.0658960101
91.9167667067 97.313020438 67.6285825179
90.8763505402 96.7573468272 64.1270210233
88.275310124 96.4058510564 50.6766020864
88.8155262105 96.2339631117 56.6699600726
88.5954381753 96.3148186032 52.2467830055
89.8359343737 95.56453685 62.6105583195
90.9163665466 97.2077076449 62.8834877674
90.8963585434 96.7573468272 64.2295851259
87.9351740696 95.3177937567 53.005167432
88.5554221689 96.4250142824 54.4624136314
88.5754301721 96.2899916673 52.2467830055
90.056022409 96.6601845321 60.9941874602
90.4961984794 97.3711997227 59.0392651608
90.156062425 96.7643677299 61.9807747034
89.3157262905 96.7406334976 53.4870549639
87.8151260504 98.0517755897 39.5222399305
87.6350540216 95.4381591348 52.1326453587
86.8147258904 94.2372262106 52.7670937567
85.6742697079 96.3863014283 35.0982531568
85.2340936375 92.3582408774 54.3226412739
85.5142056823 94.356754041 44.0908595628
87.675070028 98.6536361189 36.9197135578
87.8551420568 99.2474288387 35.5964885389
86.6946778711 95.3620415665 49.5980325696
85.5742296919 95.5997793067 35.4197052921
87.8351340536 98.8992760108 36.7039638275
87.7551020408 99.2474288387 34.9969681552
87.4949979992 93.4523973992 61.8564325277
86.2945178071 94.6621968427 44.744903009
87.0548219288 97.6847494762 41.8827977528
89.2757102841 95.7160310623 61.5239952437
92.3369347739 95.8312925633 76.2499879374
89.7358943577 95.5737394059 63.3240121345
89.5758303321 95.9632703004 59.3773141325
88.3353341337 95.2026105447 58.4635084926
91.4165666267 94.6280504798 77.1287005038
89.7559023609 95.5737394059 63.4285053425
89.8359343737 95.0636186362 66.3463566359
88.2953181273 95.0525717841 58.8752211607
91.1364545818 94.7245648015 74.5737209345
91.6566626651 95.9982549691 72.5520256143
91.7967186875 95.8206076622 73.6712749616
89.2156862745 95.094813429 62.9502930206
89.7158863545 94.9414596494 65.4947047883
88.9755902361 94.3603181746 64.8314463704
91.6566626651 95.118734018 76.2084755491
89.6358543417 95.3276878433 64.0693624631
89.855942377 95.0880743876 66.3463566359
88.7154861945 95.0856956919 60.6888954739
91.1364545818 94.7245648015 74.5737209345
91.7567026811 95.3543322398 75.3067345784
91.7567026811 95.8206076622 73.45963475
89.3357342937 95.2680378784 62.8457998127
89.7358943577 94.9658975771 65.4947047883
89.1356542617 94.6282087048 64.4866187842
91.1364545818 94.7245648015 74.5737209345
92.1768707483 96.3547857144 72.7637712432
91.7967186875 95.8206076622 73.6712749616
89.2156862745 95.094813429 62.9502930206
88.9955982393 94.6075441183 63.3926800233
89.4357743097 94.6414962912 67.2401433692
91.7967186875 96.0626040041 72.6854781793
91.8567426971 95.6269038945 74.792391275
90.6162464986 94.876772841 71.2330738191
90.4961984794 95.6462259454 65.1392084337
85.4141656663 99.7829456028 22.8861923321
82.7931172469 99.4321856108 10.489564909
82.6730692277 93.5165644198 34.2754377729
82.8931572629 99.8551073943 1.16551541455
88.0352140856 99.2739850327 34.8357570634
85.9143657463 98.3525426731 29.2656650401
85.6542617047 99.875899727 24.2914965576
84.4337735094 97.2452317305 20.1849480147
83.2933173269 98.7253270269 13.819927395
82.7931172469 95.3298296081 23.7450252446
88.0552220888 99.4907832561 33.9335863227
85.9143657463 99.7059717401 24.5972117242
85.4341736695 99.2321169675 25.8593939823
84.3137254902 98.1943181549 16.7372767242
83.3533413365 98.579660603 14.8379274023
82.7931172469 95.4492183378 23.127741294
87.474989996 99.7299986661 32.4138687966
87.7350940376 99.4323137212 37.2159677766
85.6142456983 99.4797297992 26.0079448027
84.3737494998 99.5668107064 10.8502983503
88.175270108 99.5149378455 34.4996300628
85.3141256503 96.2979082016 37.8916951523
85.6542617047 99.875899727 24.2914965576
83.893557423 93.8410074713 38.9413475005
83.4333733493 98.8967717988 13.819927395
82.3129251701 92.6980466157 35.2632186464
87.9151660664 99.6583472558 33.6964034345
87.675070028 99.3833307474 37.1070353147
85.6142456983 99.4797297992 26.0079448027
84.3337334934 99.5668107064 10.6338481338
87.9151660664 99.6583472558 33.6964034345
87.7551020408 99.4570417133 37.2159677766
85.6142456983 99.4797297992 26.0079448027
84.2336934774 95.3652432 29.8603324732
87.1948779512 99.280297119 36.0057423557
90.9163665466 96.1320477425 66.9741525284
89.3757503001 96.2077280392 58.6678995223
88.2953181273 94.8467524719 57.3755106324
88.5554221689 95.6194572661 57.8106864827
89.3157262905 92.7547594109 73.5232067511
90.356142457 94.8621896152 69.4351006529
91.156462585 96.5265210724 66.8339307049
88.1552621048 94.7648719261 58.4770368567
89.1556622649 95.1198815663 61.9048507332
88.5554221689 96.1456945565 56.1251446018
89.3157262905 92.7547594109 73.5232067511
90.356142457 94.8621896152 69.4351006529
91.156462585 96.5265210724 66.8339307049
88.1352541016 94.7648719261 58.3725436487
89.5158063225 95.4265659535 62.0537176829
88.5754301721 96.1703676381 56.1251446018
90.4161664666 93.3084793879 77.4497073306
90.756302521 94.4046360489 73.9955623827
89.7559023609 95.7366689718 61.3017322561
89.7158863545 95.8872498859 59.3602090332
87.0948379352 96.2712155135 46.2906643286
87.9151660664 92.8737581262 66.123501239
88.1552621048 92.4855612664 68.5714285714
86.3145258103 92.1309333939 60.3769871463
85.1740696279 91.0229158575 58.4477192518
85.8943577431 93.2928816092 53.4156387308
87.3549419768 97.3523855693 42.5620299891
87.9951980792 99.4372359434 36.3539611534
87.3949579832 95.2594921062 51.3237313232
85.9743897559 96.2033815726 35.1199062257
87.8551420568 91.1195321901 73.155635558
88.275310124 91.6069362846 73.1524150879
87.5350140056 94.6086839582 55.3632162247
86.5146058423 95.1726779017 43.5502646351
87.3149259704 96.3449659136 46.8773090965
88.0352140856 99.5392155828 33.5895049206
85.9343737495 99.5124016292 26.2720759566
85.6942777111 100.0 23.1537021648
83.0532212885 97.4434692347 18.6006367434
83.5134053621 99.510654628 11.5430423063
81.9727891156 95.4165290228 19.8288961086
87.474989996 99.6571149311 33.0758121983
87.575030012 99.3343111396 36.7981375073
85.8343337335 100.0 25.3883991064
84.8539415766 99.189894587 13.0346200764
87.5350140056 99.510055515 33.5592651885
87.7951180472 99.7291412444 35.9338323422
85.8343337335 99.9257602154 25.428499734
84.2136854742 98.2825418427 13.5834256838
87.2949179672 99.308987283 35.6502022718
87.9951980792 99.4880818354 34.9548874964
87.575030012 99.3844091304 36.2519688265
86.1544617847 99.8795761079 24.5861019755
84.0736294518 99.1384366386 8.80500631325
87.1348539416 99.2092921732 35.2061463763
87.2549019608 99.2345019255 35.8726090349
