1838 8812 0.208579210168
2318 10976 0.211188046647
2153 10723 0.200783362865
1865 9381 0.198806097431
1936 9924 0.195082627973
1707 8082 0.211210096511
1885 7279 0.258964143426
1785 9528 0.18734256927
1862 9341 0.199336259501
1914 11848 0.161546252532
1318 7836 0.168198060235
1494 7556 0.197723663314
1418 7610 0.186333771353
1166 8523 0.136806288865
1383 7412 0.186589314625
2146 11938 0.179762104205
1407 10566 0.133162975582
1398 13356 0.104672057502
1111 11941 0.0930407838539
1417 11789 0.120196793621
1316 9346 0.140808902204
1351 9429 0.143281365999
1271 11627 0.109314526533
1492 13364 0.111643220593
1332 10520 0.126615969582
1263 8080 0.156311881188
391 7225 0.0541176470588
827 7928 0.10431382442
1414 11273 0.125432449215
1400 11019 0.127053271622
627 9028 0.0694505981391
387 7788 0.0496918335901
735 8743 0.084067253803
1142 11657 0.0979668868491
681 8866 0.0768102864877
345 6548 0.0526878436164
774 7827 0.0988884630126
1217 12459 0.0976803916847
1410 10576 0.133320726172
506 5039 0.100416749355
511 8758 0.0583466544873
384 7540 0.0509283819629
971 8130 0.119434194342
785 7560 0.103835978836
1191 10513 0.113288309712
1591 10420 0.152687140115
1944 9625 0.201974025974
1959 9250 0.211783783784
2123 8646 0.245547073791
1279 8545 0.149678174371
1763 7423 0.237505051866
1898 9442 0.201016733743
1950 9684 0.20136307311
1284 10031 0.128003190111
1667 11976 0.13919505678
2479 11568 0.214298063624
1571 8642 0.181786623467
1783 8463 0.210681791327
1655 9926 0.166733830345
1825 10145 0.179891572203
1995 10566 0.188813174333
2093 10743 0.194824536908
1709 8815 0.193874078276
2073 8957 0.231439097912
2135 10512 0.203101217656
2087 10069 0.207269838117
1916 10181 0.188193694136
1556 7496 0.2075773746
2097 8681 0.241562032024
1806 9772 0.184813753582
2204 10052 0.219259848786
1573 8744 0.179894784995
2016 8427 0.239231043076
1830 9563 0.191362543135
1950 10046 0.194107107306
700 6145 0.113913751017
1424 8480 0.167924528302
1591 7831 0.203166900779
2110 8505 0.2480893592
1910 7613 0.250886641272
1779 9411 0.189034109021
1941 12741 0.152342830233
2047 12741 0.160662428381
1506 11871 0.126863785696
958 8681 0.110355949775
2129 10653 0.199849807566
1687 12031 0.140221095503
1571 10474 0.149990452549
1183 7818 0.151317472499
1396 8502 0.16419665961
1107 7144 0.154955207167
738 5670 0.130158730159
1801 11247 0.160131590646
1240 7503 0.165267226443
1400 9413 0.148730479125
1180 9094 0.129755883
1338 6444 0.207635009311
2206 11365 0.194104707435
1185 10102 0.117303504257
1204 9112 0.132133450395
1364 6534 0.208754208754
1848 11775 0.156942675159
1266 7504 0.168710021322
608 5090 0.119449901768
1151 8040 0.14315920398
578 6924 0.0834777585211
1618 6913 0.234051786489
817 6230 0.13113964687
1713 10465 0.163688485428
1194 12238 0.097564961595
1355 12956 0.104584748379
1075 9063 0.118614145426
1184 9424 0.125636672326
1968 12478 0.157717582946
1358 13799 0.0984129284731
1368 11484 0.119122257053
1249 8423 0.148284459219
1390 10825 0.128406466513
1919 12608 0.152204949239
1514 13267 0.114117735735
999 8140 0.122727272727
1137 8296 0.137054001929
1317 12024 0.109530938124
1460 11526 0.126670137081
494 4863 0.101583384742
1144 8428 0.135738016137
1208 8701 0.138834616711
1462 10020 0.145908183633
1285 9243 0.139024126366
1398 13702 0.10202890089
1372 11358 0.120795914774
389 8406 0.0462764691887
650 7017 0.0926321789939
1906 12274 0.155287599804
1404 11174 0.125648827636
417 8977 0.0464520441127
786 8697 0.0903759917213
1426 11343 0.125716300802
763 10979 0.0694963111394
549 6196 0.088605551969
1322 9045 0.146158098397
493 7213 0.0683488146402
1545 9219 0.167588675561
707 8065 0.0876627402356
1469 10332 0.142179636082
450 7412 0.0607123583378
777 7394 0.10508520422
1186 12352 0.0960168393782
633 8473 0.0747078956686
501 6122 0.0818360013068
447 7412 0.0603076092822
293 7709 0.0380075236736
677 6583 0.10284065016
611 6312 0.0967997465146
1337 10677 0.125222440761
496 6139 0.080794917739
504 8968 0.0561998215879
381 7817 0.0487399258027
1454 8714 0.166857929768
711 7123 0.0998174926295
1295 10305 0.125667151868
523 5289 0.0988844772169
488 6136 0.0795306388527
993 7672 0.129431699687
821 7232 0.113523230088
2339 11244 0.208022056208
1913 9779 0.195623274363
2018 9172 0.220017444396
2119 9849 0.215148746066
1215 7139 0.170191903628
1807 7711 0.234340552458
2067 9796 0.211004491629
2017 8764 0.230146052031
1915 10768 0.177841753343
1622 8951 0.181208803486
1937 11083 0.174772173599
1700 8541 0.199039925067
1823 7826 0.232941477128
1889 9910 0.190615539859
1771 9982 0.177419354839
2188 10585 0.206707605102
2151 10287 0.209098862642
1817 8935 0.203357582541
2306 9054 0.254694057875
1957 9630 0.203219106957
1877 9504 0.197495791246
2114 10115 0.208996539792
1804 8328 0.216618635927
1944 7741 0.251130344917
2554 10287 0.24827452124
2115 9609 0.220106150484
1717 8106 0.211818406119
2206 8552 0.257951356408
2227 10236 0.217565455256
2098 10066 0.208424398967
745 6125 0.121632653061
1346 8006 0.16812390707
1223 7953 0.153778448384
2422 7835 0.309125717932
2133 7761 0.274835717047
2024 10479 0.193148201164
1573 11867 0.132552456392
1612 11867 0.13583888093
1531 11432 0.133922323303
1080 7724 0.139823925427
1693 9779 0.173126086512
1437 11611 0.123761949875
1355 9141 0.148233234876
1406 9861 0.142581888247
1175 11368 0.103360309641
587 6456 0.0909231722429
857 6175 0.138785425101
1573 9227 0.170477945161
1074 8490 0.126501766784
1142 11304 0.101026185421
637 7087 0.0898828841541
1003 7079 0.141686678909
1555 9777 0.159046742355
973 7853 0.12390169362
697 8013 0.0869836515662
950 6994 0.135830712039
1566 8390 0.186650774732
1242 9501 0.130723081781
719 6278 0.114526919401
1463 7730 0.189262613195
603 5858 0.102936155685
1387 7565 0.183344348976
775 5507 0.140729980025
1576 9220 0.170932754881
1480 11510 0.128583840139
1469 11510 0.127628149435
1222 8838 0.138266576148
1490 9489 0.157023922437
1305 10471 0.124629930284
1595 11969 0.133260924054
1687 13118 0.128601921025
1215 6807 0.178492728074
1524 9428 0.161646160373
1332 10923 0.121944520736
1505 11561 0.130179050255
1188 6807 0.174526223006
1232 6726 0.183169788879
1505 12212 0.12323943662
1720 12231 0.140626277492
460 4894 0.0939926440539
1243 8206 0.151474530831
1233 8313 0.148321905449
1066 7375 0.144542372881
1473 9426 0.156269891789
1288 9527 0.135194709772
1001 11828 0.0846296922557
446 7083 0.0629676690668
671 6127 0.109515260323
1499 12231 0.122557436023
791 9588 0.0824989570296
603 8013 0.0752527143392
771 7910 0.0974715549937
1600 11447 0.139774613436
997 11292 0.0882925965285
549 6275 0.0874900398406
1184 7384 0.160346695558
610 8433 0.0723348748962
1501 8333 0.180127205088
884 8028 0.110114598904
1393 10113 0.137743498467
456 7031 0.0648556393116
657 6283 0.104567881585
1375 10969 0.125353268302
758 9183 0.0825438309921
554 5171 0.107135950493
522 7101 0.0735107731305
432 7892 0.0547389761784
1170 6937 0.168660804382
685 6886 0.0994772001162
1399 11808 0.11847899729
542 6144 0.0882161458333
548 7401 0.0740440481016
351 6474 0.0542168674699
1315 7158 0.183710533669
565 6177 0.0914683503319
1354 10747 0.125988647995
758 6251 0.121260598304
568 6042 0.0940086064217
617 5793 0.106507854307
974 8352 0.116618773946
2184 10875 0.200827586207
1452 10590 0.137110481586
2410 11393 0.2115333977
850 7468 0.1138189609
1419 7559 0.187723243815
1820 9852 0.184734064149
1760 10209 0.172396904692
1895 8380 0.226133651551
1917 8219 0.233240053534
1028 6189 0.166101147197
1904 7536 0.252653927813
1828 8782 0.20815304031
2000 8994 0.222370469202
1966 8817 0.222978337303
1344 7873 0.170710021593
1967 7505 0.262091938708
2032 9992 0.203362690152
2008 8435 0.238055720213
1287 7441 0.172960623572
1929 7629 0.252850963429
2052 7518 0.272944932163
1778 8727 0.203735533402
1211 6985 0.173371510379
1112 7060 0.157507082153
1215 6986 0.173919267106
1856 7442 0.249395323838
2023 7624 0.265346274921
2051 8752 0.234346435101
1370 10610 0.129123468426
1961 10777 0.181961584857
1561 8681 0.179817993319
1966 9212 0.213417281806
2040 11020 0.185117967332
1961 10797 0.181624525331
2002 10485 0.190939437291
1674 8871 0.188704768346
2292 10069 0.227629357434
1749 9929 0.176150669755
1848 9959 0.185560799277
1644 8750 0.187885714286
2058 8694 0.236714975845
1915 10151 0.188651364398
2049 10456 0.195964039786
1742 7064 0.246602491506
1419 8095 0.175293390982
1556 8215 0.189409616555
1768 7982 0.221498371336
1948 8377 0.232541482631
2367 10341 0.228894691036
1995 10229 0.195033727637
1917 9242 0.207422635793
2267 9049 0.250524919881
2811 11443 0.245652363891
2104 11457 0.183643187571
1700 8765 0.193953223046
2148 8129 0.264239143806
2928 11536 0.253814147018
2197 10544 0.208364946889
1750 7285 0.240219629375
1918 8769 0.218725054168
1952 9242 0.211209694871
2075 8757 0.236953294507
2219 8742 0.25383207504
1896 9950 0.190552763819
1735 8319 0.208558721
2175 8338 0.260853921804
2181 9952 0.21915192926
2010 10022 0.200558770704
773 6149 0.125711497805
1693 8422 0.201021135122
1740 8279 0.210170310424
2160 9944 0.217216411907
2037 7739 0.263212301331
1919 9149 0.209749699421
1494 6897 0.216615919965
1459 7962 0.183245415725
1711 8385 0.204054859869
2055 8502 0.241707833451
2124 9068 0.234230260256
1984 9814 0.202160179336
720 6175 0.116599190283
702 6145 0.114239218877
1513 7901 0.1914947475
2027 8854 0.228936074091
2208 12877 0.171468509746
2417 14969 0.161467031866
813 8078 0.100643723694
1990 9340 0.213062098501
1586 11599 0.136735925511
1411 11274 0.12515522441
1343 10120 0.132707509881
1123 9133 0.122960691996
1558 8842 0.176204478625
1631 11605 0.140542869453
1431 11274 0.126929217669
839 8078 0.103862342164
1609 8842 0.181972404433
1659 11599 0.143029571515
1364 11274 0.120986340252
886 6337 0.139813792015
885 6394 0.138411010322
964 7634 0.126277181032
1216 7696 0.158004158004
1499 7069 0.212052624134
2447 10233 0.239128310368
1201 10829 0.110905900822
1071 7431 0.144125958821
846 6958 0.121586662834
2014 12402 0.162393162393
1121 9038 0.124031865457
663 8184 0.0810117302053
1029 6958 0.147887323944
1962 11909 0.164749349232
1349 8777 0.15369716304
607 5184 0.117091049383
1352 8584 0.157502329916
491 6033 0.0813857119178
1690 7675 0.220195439739
1189 6704 0.177356801909
1409 11260 0.12513321492
693 8499 0.0815390045888
963 7009 0.137394778142
1995 11457 0.174129353234
1115 8777 0.127036572861
620 5118 0.121141070731
1432 8584 0.166821994408
647 6424 0.100716064757
1694 8887 0.190615505795
1208 6686 0.180676039485
1684 9154 0.183963294735
591 5118 0.115474794842
1534 8919 0.171992375827
684 7401 0.0924199432509
1581 7820 0.202173913043
1141 6706 0.170146137787
2157 11984 0.179989986649
717 6048 0.118551587302
712 5135 0.138656280428
1543 8877 0.173819984229
1620 8045 0.201367308888
1425 11915 0.119597146454
1344 8750 0.1536
1422 9252 0.153696498054
1558 13212 0.117923100212
1402 12281 0.114160084684
1264 9084 0.139145750771
1252 8412 0.148834997622
2086 12463 0.167375431277
1520 12281 0.123768422767
1263 6921 0.182488079757
1211 8287 0.146132496682
1124 8639 0.130107651349
1379 8753 0.157545984234
2116 9830 0.215259409969
2099 11948 0.17567793773
1240 8510 0.14571092832
1616 10730 0.150605778192
1207 10330 0.116844143272
1504 11685 0.128712023962
1339 6847 0.195560099314
1213 7907 0.153408372328
1251 8447 0.14809991713
1930 9827 0.196397679862
1556 9554 0.162863722001
1338 10139 0.131965677088
1234 6847 0.180224916022
1265 8447 0.149757310288
1213 8136 0.149090462144
1421 9463 0.150163795836
1574 9266 0.169868335852
1517 10395 0.145935545936
531 5083 0.104465866614
1303 6228 0.209216441875
1321 8228 0.160549343704
1532 9993 0.153307315121
490 7441 0.065851364064
757 6941 0.109062094799
1624 10488 0.154843630816
1009 12560 0.0803343949045
473 5298 0.0892789731974
1281 8110 0.157953144266
577 8307 0.0694594919947
1591 9539 0.16678897159
839 7102 0.118135736412
1485 11762 0.126254038429
470 5298 0.0887127217818
1296 8322 0.155731795242
589 8336 0.0706573896353
1660 8130 0.20418204182
763 8913 0.0856052956356
1688 11641 0.14500472468
595 6186 0.0961849337213
585 6214 0.0941422594142
1371 9346 0.146693772737
1469 7794 0.188478316654
509 6120 0.0831699346405
751 8409 0.0893090736116
409 7021 0.0582538099986
836 6745 0.123943661972
774 6793 0.113940821434
1301 10087 0.128977892337
583 4791 0.121686495512
556 5304 0.104826546003
439 5667 0.0774660314099
744 6829 0.108947137209
579 4791 0.120851596744
505 5304 0.0952111613876
639 7538 0.0847704961528
1577 9249 0.170504919451
608 5146 0.118150019433
2100 9544 0.220033528919
2263 10151 0.222933701113
2222 8296 0.267839922854
2761 9320 0.296244635193
1508 7666 0.196712757631
2036 6592 0.308859223301
2131 9259 0.230154444324
2423 9969 0.243053465744
2024 10711 0.188964615816
1758 9864 0.178223844282
2010 10151 0.198010048271
1797 8691 0.206765619606
1975 8433 0.234198980197
1928 9152 0.210664335664
2304 10499 0.219449471378
2165 10488 0.206426392067
2252 10407 0.21639281253
1899 8618 0.220352750058
2067 8251 0.25051508908
2224 10417 0.213497168091
2188 9933 0.220275848183
2074 8777 0.236299418936
1074 7030 0.152773826458
1674 6651 0.251691474966
1996 9533 0.209377950278
1929 7895 0.244331855605
1769 8220 0.215206812652
1849 7759 0.238303905142
1904 9025 0.210969529086
1994 9189 0.216998585265
1233 5839 0.211166295599
1622 7654 0.211915338385
1392 6869 0.202649585092
2025 7704 0.26285046729
1475 6876 0.214514252472
1960 8925 0.219607843137
1551 8729 0.177683583457
1807 11681 0.154695659618
2321 13503 0.171887728653
1142 7363 0.155099823442
1477 8121 0.181874153429
1866 12271 0.152065846304
1791 10937 0.16375605742
1246 6643 0.187565858799
1285 7171 0.179193975736
761 6186 0.123019721953
1170 5532 0.211496746204
2022 9600 0.210625
1652 9719 0.169976335014
1383 7159 0.193183405504
955 6724 0.142028554432
1743 6617 0.263412422548
2570 9620 0.267151767152
1746 9495 0.183886255924
823 6220 0.13231511254
1107 5101 0.217016271319
2614 9620 0.271725571726
1390 8566 0.16226943731
830 5188 0.1599845798
1119 6897 0.16224445411
839 5957 0.14084270606
1561 7777 0.200720072007
1349 6484 0.208050586058
2713 9673 0.28047141528
1552 12991 0.119467323532
1523 12603 0.120844243434
1346 8835 0.152348613469
1393 9332 0.149271324475
1797 11558 0.155476726077
1661 13175 0.126072106262
1572 10854 0.144831398563
529 6198 0.0853501129397
1371 8166 0.167891256429
1648 12424 0.132646490663
1637 11399 0.143609088517
1159 6908 0.167776491025
1336 7750 0.172387096774
1613 12416 0.129913015464
1398 10911 0.128127577674
571 4828 0.118268434134
1559 8261 0.188718072873
603 6345 0.0950354609929
1470 7864 0.186927772126
757 6784 0.111586084906
1521 9709 0.156658770213
1573 11840 0.13285472973
600 7540 0.079575596817
858 6413 0.133790737564
1311 10442 0.125550660793
1400 10548 0.132726583239
666 7550 0.0882119205298
1736 9314 0.186386085463
1376 10130 0.135834155972
1212 10417 0.116348276855
600 6120 0.0980392156863
1042 7561 0.137812458669
434 6708 0.0646988670244
1705 8840 0.192873303167
1744 9237 0.188805889358
1436 9208 0.155951346655
542 7407 0.0731740245714
877 7376 0.118899132321
1299 10322 0.125847703933
1309 11353 0.115299920726
662 6015 0.110058187864
652 7997 0.0815305739652
390 5766 0.0676378772112
1092 7996 0.136568284142
859 7085 0.121242060692
1234 8962 0.137692479357
576 5158 0.111671190384
581 6986 0.0831663326653
474 6313 0.0750831617298
1240 7685 0.161353285621
961 7633 0.125900694353
1243 9551 0.130143440477
731 6055 0.120726672172
597 5128 0.116419656786
792 7333 0.108004909314
1018 6899 0.147557617046
2404 12773 0.188209504423
2142 11002 0.194691874205
2189 10033 0.21818000598
1524 8976 0.169786096257
1708 7884 0.216641298833
2366 10985 0.215384615385
2395 11281 0.21230387377
2235 8300 0.269277108434
2617 8925 0.293221288515
1301 6399 0.203313017659
1986 7609 0.261006702589
1942 7904 0.245698380567
2055 9560 0.214958158996
2229 9123 0.244327523841
1408 6755 0.20843819393
2074 7635 0.271643745907
1963 7904 0.248355263158
1851 9464 0.195583262891
1573 8229 0.191153238547
2159 7617 0.283444925824
2026 7904 0.256325910931
2119 9465 0.223877443212
1599 6998 0.228493855387
1348 6950 0.193956834532
1575 8111 0.194180742202
1805 6063 0.297707405575
1927 7402 0.260335044583
2331 9026 0.258253933082
1720 10186 0.168859218535
1736 9885 0.175619625695
1779 7855 0.226479949077
2165 9352 0.231501283148
2101 10017 0.209743436159
2794 11671 0.239396795476
1939 10124 0.191525088898
1849 8774 0.210736266241
2012 8488 0.237040527804
1764 9401 0.187639612807
1842 9529 0.193304648966
1622 8379 0.19357918606
2105 8581 0.245309404498
1512 9193 0.164472968563
2060 10175 0.202457002457
1136 6313 0.17994614288
1503 8242 0.182358650813
1576 7318 0.215359387811
1372 7933 0.172948443212
1704 7246 0.23516422854
1860 9382 0.198251971861
2220 10779 0.205956025605
1909 8572 0.222701819879
2228 8831 0.252293058544
2192 10537 0.208028850717
2118 10454 0.20260187488
1955 9152 0.21361451049
2267 8078 0.280638771973
2310 10417 0.221752903907
2336 10738 0.217545166698
1386 6605 0.209841029523
1950 8622 0.226165622825
1961 8363 0.234485232572
2269 8246 0.275163715741
2266 8777 0.25817477498
2422 10889 0.222426301772
1786 7859 0.227255376002
2139 7994 0.267575681761
1809 8975 0.201559888579
2007 9700 0.206907216495
659 5294 0.124480544012
1487 7507 0.198081790329
1521 7594 0.200289702397
2000 7990 0.250312891114
1999 7277 0.274701113096
1710 9094 0.188036067737
772 6017 0.1283031411
1683 7671 0.219397731717
1714 7709 0.222337527565
1868 7042 0.26526554956
2127 7744 0.274664256198
2221 9589 0.231619564084
1514 6789 0.223007806746
741 5514 0.134385201306
1599 7771 0.205765023806
1906 7470 0.25515394913
1707 12456 0.13704238921
1702 12445 0.136761751708
1055 9014 0.117040159751
1257 7843 0.16027030473
1788 12729 0.140466650955
1552 9504 0.1632996633
1737 12384 0.140261627907
1068 8502 0.125617501764
1739 9611 0.18093850796
1853 12706 0.145836612624
1555 10810 0.143848288622
1001 8502 0.117737003058
1344 8369 0.160592663401
1879 12736 0.147534547739
1715 9619 0.178292961846
1016 5355 0.189729225023
984 6506 0.151245004611
1486 8181 0.181640386261
1346 8567 0.157114509163
1840 11085 0.16599007668
1962 9091 0.215817841822
1376 9556 0.143993302637
1037 6903 0.150224540055
1066 6045 0.176344086022
2067 10339 0.199922623078
1552 9416 0.164825828377
1120 8689 0.128898607435
1252 5286 0.236852062051
1725 9132 0.188896189225
1582 9072 0.174382716049
786 5035 0.156107249255
1086 8379 0.129609738632
747 5838 0.127954779034
1444 6573 0.219686596683
1341 5761 0.232772088179
2481 10826 0.229170515426
1109 7774 0.142655003859
1327 6196 0.214170432537
2164 10363 0.208819839815
1619 10414 0.155463798732
786 5028 0.156324582339
1146 6906 0.165942658558
751 6074 0.123641751729
1520 7136 0.213004484305
1367 5768 0.236997226075
2502 10848 0.23064159292
813 4965 0.163746223565
1088 6906 0.157544164495
766 6074 0.12611129404
1395 6429 0.216985534298
1258 5768 0.218099861304
2498 10539 0.237024385615
1278 6536 0.195532435741
633 4765 0.132843651626
1316 6823 0.192877033563
1789 8149 0.219536139404
1407 12319 0.114213816056
1180 9291 0.127004628135
1470 9884 0.148725212465
1799 12007 0.149829266261
1672 13747 0.121626536699
1185 9140 0.129649890591
1534 10083 0.152137260736
1845 11622 0.158750645328
1644 13443 0.122294130774
1376 6832 0.201405152225
1257 8166 0.153930933137
1311 8482 0.15456260316
1569 9537 0.164517143756
1829 10327 0.177108550402
1918 12897 0.148716755835
1116 7225 0.15446366782
1279 8658 0.147724647725
1483 11701 0.126741304162
1643 12927 0.127098321343
565 4793 0.11788024202
1211 7449 0.162572157337
1408 7599 0.185287537834
1507 9432 0.159775233249
988 8054 0.122671964241
1553 9912 0.156678773204
1300 5790 0.224525043178
1251 7778 0.160838261764
1234 7162 0.172298240715
1346 8761 0.153635429745
1481 8865 0.167061477721
1398 9665 0.144645628557
575 5278 0.108942781357
603 4870 0.123819301848
1276 7471 0.170793735778
1687 10222 0.165036196439
577 7872 0.0732977642276
1089 9233 0.117946496263
1508 11084 0.136051966799
1564 11650 0.134248927039
570 5780 0.098615916955
1054 7758 0.13585975767
431 6675 0.0645692883895
1424 7515 0.189487691284
884 6928 0.127598152425
1519 10863 0.139832458805
654 6064 0.107849604222
1241 8545 0.145231129315
502 6675 0.0752059925094
1647 9694 0.16989890654
954 7052 0.135280771412
1678 11494 0.145989211763
584 5290 0.110396975425
547 5073 0.107825744136
1365 8504 0.160512699906
1514 8507 0.177971082638
551 5973 0.0922484513645
561 6872 0.0816356228172
425 6505 0.065334358186
1186 6625 0.179018867925
870 6872 0.126600698487
1373 11447 0.119944090155
739 5866 0.125980225026
570 5139 0.110916520724
790 7524 0.104997341839
917 6653 0.137832556741
741 5833 0.127035830619
503 5232 0.0961391437309
1152 8066 0.142821720803
1290 7557 0.170702659786
912 5875 0.155234042553
2560 10669 0.239947511482
2175 8645 0.251590514748
2694 10669 0.252507264036
1346 8639 0.155805070031
2465 9480 0.260021097046
1896 9839 0.192702510418
2628 10942 0.240175470663
2297 8667 0.265028268144
2392 8256 0.289728682171
1412 6848 0.206191588785
2002 7298 0.274321731981
2216 9774 0.226723961531
2307 8394 0.274839170836
2369 8362 0.283305429323
1613 7952 0.202842052314
2107 7101 0.296718772004
2947 10226 0.288186974379
2477 8710 0.28438576349
1575 6845 0.230094959825
2143 7473 0.286765689817
2839 9090 0.312321232123
2599 8766 0.296486424823
1613 6474 0.249150447946
1354 6826 0.198359214767
1506 7788 0.193374422188
2516 8149 0.308749539821
2098 7307 0.287121937868
2219 8155 0.272103004292
2120 10796 0.196369025565
2963 11730 0.252600170503
2015 9684 0.208075175547
2293 9410 0.243676939426
2147 9670 0.22202688728
2189 10092 0.216904478795
2191 10667 0.205399831255
1955 9225 0.211924119241
2094 8406 0.249107780157
1888 9329 0.202379676278
2427 9703 0.250128826136
1855 9201 0.201608520813
2116 8477 0.24961660965
2046 9334 0.219198628669
2224 9376 0.237201365188
1435 7457 0.192436636717
1336 7541 0.17716483225
1428 7716 0.185069984448
1951 8257 0.236284364781
1884 7686 0.245120999219
1938 9384 0.20652173913
2408 10405 0.231427198462
2100 9313 0.225491248792
2209 8047 0.274512240587
2288 10374 0.220551378446
2257 10152 0.22232072498
1967 8572 0.229468035464
2263 8810 0.256867196368
2187 9161 0.238729396354
2410 10630 0.226716839135
2157 7980 0.27030075188
2016 8251 0.244334020119
2038 8837 0.230621251556
2196 7699 0.285231848292
2291 8998 0.25461213603
2305 9724 0.237042369395
1831 7659 0.239065152109
2261 7974 0.28354652621
2398 9988 0.240088105727
2534 9932 0.255134917439
764 5556 0.13750899928
1784 8001 0.222972128484
1066 6460 0.165015479876
1817 7353 0.24711002312
2055 7400 0.277702702703
2047 9082 0.225390883065
831 6096 0.136318897638
1733 8122 0.213371090864
1130 7591 0.148860492689
2226 8533 0.260869565217
2047 7023 0.29147088139
2223 9507 0.233827705901
884 5718 0.154599510318
708 5432 0.130338733432
1651 7784 0.212101747174
2167 7686 0.281941191777
2178 9624 0.226309226933
1975 12605 0.156683855613
1174 7748 0.151522973671
1627 8914 0.182521875701
1831 11895 0.153930222783
1686 8236 0.204711024769
2190 13787 0.15884528904
1222 7753 0.157616406552
1699 8426 0.2016377878
1872 11872 0.157681940701
1753 8681 0.201935260915
1144 7753 0.147555784857
1649 8914 0.184989903523
1928 11895 0.162084909626
1824 8681 0.210114042161
1106 6719 0.164607828546
1028 6950 0.147913669065
1157 7824 0.147878323108
1494 8495 0.17586815774
1541 6900 0.223333333333
1834 8162 0.224699828473
880 9005 0.0977234869517
337 5046 0.0667855727309
1068 5519 0.19351331763
1815 9074 0.200022040996
889 8300 0.107108433735
377 6613 0.0570089218207
540 3852 0.140186915888
1987 9027 0.220117425501
608 7237 0.0840127124499
542 4227 0.128223326236
913 6834 0.133596722271
1027 6014 0.170768207516
1890 8048 0.234840954274
710 4501 0.157742723839
1682 8367 0.201027847496
434 5328 0.0814564564565
1047 6907 0.151585348197
1507 9741 0.154706908942
955 7838 0.121842306711
634 5187 0.122228648544
873 7081 0.123287671233
1012 6014 0.16827402727
1876 8048 0.23310139165
896 5214 0.171845032605
1725 10283 0.167752601381
822 5118 0.16060961313
898 7081 0.12681824601
1006 6014 0.167276355171
1952 8255 0.236462749849
1023 5596 0.182809149392
1180 7135 0.165381920112
885 6141 0.14411333659
880 5106 0.172346259303
1082 6824 0.158558030481
1193 5892 0.202477936185
2016 14330 0.140683879972
1502 8725 0.172148997135
1608 8332 0.192990878541
1714 13160 0.130243161094
1801 10817 0.166497180364
1440 8725 0.165042979943
1617 7535 0.214598540146
1751 13160 0.133054711246
1987 11779 0.168690041599
1319 7430 0.177523553163
1341 7534 0.177993097956
1276 9143 0.13956031937
1747 9453 0.184809055326
1636 7471 0.218980056217
1808 10552 0.171341925701
1195 6270 0.190590111643
1551 6736 0.230255344418
1751 12974 0.134962232157
1739 10331 0.168328332204
672 5293 0.126960136029
1278 7543 0.169428609307
598 6869 0.0870577958946
1419 7418 0.191291453222
996 7364 0.13525258012
1519 11049 0.137478504842
1416 6257 0.226306536679
1361 7842 0.173552665136
1280 7876 0.162519045201
1435 6763 0.212183942038
1577 8336 0.189179462572
1725 11290 0.152790079717
1443 6274 0.229996812241
588 5175 0.113623188406
1303 6809 0.191364370686
1675 8466 0.197850224427
610 7503 0.0813008130081
1058 9176 0.115300784656
1429 9818 0.145548991648
1057 10904 0.0969369038885
699 6230 0.112199036918
618 6475 0.095444015444
536 7447 0.0719752920639
1710 8184 0.208944281525
853 6706 0.127199522815
1570 9451 0.166119987303
663 6208 0.106797680412
748 7538 0.0992305651366
527 6787 0.0776484455577
1586 7595 0.208821593153
991 8990 0.110233592881
1054 8278 0.127325440928
794 6059 0.131044726853
577 5261 0.109674966736
1101 8392 0.131196377502
1364 9037 0.150935044816
642 5277 0.12166003411
596 6761 0.088152640142
492 7158 0.0687342833194
920 6738 0.136539032354
724 7063 0.102506017273
1179 9515 0.123909616395
628 4601 0.136492066942
585 5125 0.114146341463
908 7707 0.117814973401
842 6416 0.131234413965
695 6026 0.115333554597
580 5162 0.112359550562
975 8138 0.119808306709
1189 8101 0.146772003456
702 5454 0.128712871287
2542 11794 0.215533322028
2855 10158 0.281059263635
1188 8072 0.147175421209
1807 7802 0.231607280185
1892 9870 0.191691995947
1926 10667 0.180556857598
2688 10043 0.267649108832
1197 7108 0.168401800788
1801 7795 0.231045542014
2578 11357 0.226996565995
2066 11179 0.184810805975
1217 6979 0.174380283708
1899 7795 0.243617703656
2050 9859 0.207931838929
2165 11250 0.192444444444
1370 7074 0.193666949392
1108 6209 0.178450636173
1269 8508 0.149153737659
1948 7944 0.245216515609
1829 7734 0.236488233773
1514 8439 0.179405142789
2410 9784 0.246320523303
1555 8315 0.187011425135
1914 6456 0.296468401487
2621 9399 0.278859453133
2118 7797 0.271642939592
1350 7180 0.188022284123
2056 7527 0.273149993357
2220 9508 0.233487589398
2441 8335 0.292861427714
1450 6131 0.236503017452
1267 7107 0.1782749402
1311 6454 0.203129841958
1954 7251 0.269480071714
2099 7395 0.283840432725
2278 9830 0.231739572737
1540 6741 0.228452751817
2203 7638 0.288426289605
2221 9442 0.235225587799
2258 8372 0.269708552317
1711 7223 0.236882181919
1392 6751 0.206191675307
1427 6470 0.220556414219
2095 8444 0.24810516343
2173 7547 0.287928978402
2160 8018 0.269393863806
1748 7223 0.242004707185
1407 7162 0.196453504608
1418 6400 0.2215625
2019 7033 0.287075216835
2232 7566 0.295003965107
2268 8005 0.283322923173
1505 6469 0.232648013603
1535 5706 0.269015071854
1485 7037 0.21102742646
2142 7592 0.282139093783
2954 12058 0.244982584176
1818 8725 0.208366762178
2135 9264 0.230462003454
2259 9965 0.226693426994
2917 11891 0.245311580187
1804 9377 0.1923856244
2289 9264 0.247085492228
2258 9910 0.227850655903
2995 11892 0.251849983182
1909 7103 0.268759679009
1907 8906 0.214125308781
1888 8523 0.22151824475
1555 8219 0.189195765908
2317 9255 0.250351161534
2254 10936 0.206108266277
1887 8696 0.216996320147
2131 8607 0.247589171605
2573 10147 0.253572484478
2282 10088 0.226209357653
1273 6251 0.203647416413
1357 7719 0.17579997409
1418 7060 0.200849858357
1809 8333 0.217088683547
2032 8276 0.245529241179
1923 9914 0.193968125883
1881 6917 0.271938701749
1420 8939 0.158854457993
1694 8020 0.211221945137
1448 7841 0.184670322663
2159 8418 0.256474221905
2155 9847 0.218848380217
1020 6175 0.165182186235
1247 6276 0.198693435309
1619 7756 0.208741619391
1882 8149 0.230948582648
2011 9159 0.219565454744
2428 9074 0.267577694512
2337 10020 0.233233532934
2180 10498 0.207658601638
1498 6765 0.221433850702
2028 8551 0.237165243831
2045 8638 0.236744616809
2368 8441 0.280535481578
2331 8427 0.276610893556
2359 10389 0.227067090192
1539 6699 0.22973578146
1903 8132 0.23401377275
2130 9341 0.22802697784
2241 7818 0.286646201074
2430 8506 0.285680695979
2454 10389 0.236211377418
1971 7265 0.271300757054
1484 6789 0.218588893799
2117 8934 0.236959928364
2422 8775 0.276011396011
882 6122 0.144070565175
1695 7199 0.235449367968
1120 7223 0.155060224284
2005 8127 0.246708502522
2251 7817 0.287962133811
2326 10466 0.222243454997
668 5827 0.114638750644
664 5236 0.126814362108
1714 7745 0.22130406714
1850 7779 0.237819771179
748 6138 0.121863799283
803 6098 0.131682518859
1939 7972 0.243226292022
2152 7432 0.289558665231
1198 6478 0.184933621488
2107 11485 0.18345668263
1112 6539 0.170056583575
1611 8166 0.197281410727
1901 12321 0.15428942456
1602 9754 0.164240311667
1398 8746 0.159844500343
1629 8513 0.191354399154
1929 11725 0.164520255864
1656 9747 0.169898430286
964 5263 0.183165494965
963 7071 0.136190072126
1151 8418 0.13673081492
1856 8702 0.213284302459
1651 7142 0.231167740129
1799 8289 0.217034624201
1122 6378 0.175917215428
1895 8808 0.215145322434
1990 11538 0.172473565609
1858 11139 0.166801328665
1046 5301 0.19732126014
1279 8415 0.151990493167
1229 8661 0.141900473386
1764 9498 0.185723310171
1673 7198 0.232425673798
2113 9860 0.21430020284
960 5301 0.181097906055
1170 8497 0.137695657291
1150 8591 0.133861017344
1959 8702 0.225120661917
1718 7090 0.242313117066
2005 9157 0.218958174074
1076 6199 0.173576383288
1330 6281 0.211749721382
1426 7067 0.201782934767
1770 6745 0.262416604893
620 6331 0.0979308166166
859 6181 0.138974276007
2022 10107 0.200059364797
746 6576 0.113442822384
533 3896 0.13680698152
1143 7340 0.155722070845
623 5652 0.110226468507
1918 7643 0.2509485804
873 5109 0.1708749266
1740 9523 0.18271553082
530 4264 0.124296435272
818 6577 0.124372814353
426 4952 0.0860258481422
1254 6913 0.181397367279
799 4770 0.16750524109
1698 9573 0.177373863992
831 5719 0.145305123273
662 4576 0.144667832168
1013 7209 0.14051879595
1148 5702 0.201332865661
740 4624 0.160034602076
1069 7031 0.152040961456
745 7646 0.0974365681402
1531 6765 0.226311899483
908 4497 0.201912386035
1528 7503 0.203651872584
821 5715 0.14365704287
687 4552 0.150922671353
1031 7209 0.143015674851
1171 5702 0.205366538057
851 5715 0.148906386702
666 4576 0.145541958042
1035 7209 0.143570536829
1921 7898 0.243226133198
1002 5735 0.174716652136
1299 9147 0.142013775008
1486 9369 0.158608175899
1913 12678 0.150891307777
1996 13342 0.149602758207
1391 7198 0.193248124479
1502 9215 0.162995116658
1341 8866 0.151251973833
1489 8602 0.173099279237
1677 9312 0.180090206186
1614 11206 0.144029983937
1318 7198 0.18310641845
1448 9215 0.157135105806
1262 8866 0.142341529438
1498 8602 0.174145547547
1667 7941 0.209923183478
1660 11206 0.148134927717
1341 6402 0.20946579194
1146 6375 0.179764705882
1255 7574 0.165698442039
1848 9299 0.198731046349
1407 6126 0.229676787463
1356 7905 0.171537001898
1207 7519 0.16052666578
1610 8473 0.190015342854
1687 8260 0.204237288136
1654 11363 0.145560151368
1454 6278 0.231602421153
594 5197 0.11429670964
1316 7515 0.175116433799
1605 8825 0.181869688385
1386 6231 0.222436206066
1333 6197 0.215104082621
1339 7865 0.170247933884
1699 8972 0.189366919305
1399 6088 0.229796320631
669 5890 0.113582342954
834 7404 0.112641815235
636 7551 0.0842272546683
1596 7734 0.206361520559
934 6566 0.142247943954
1663 11380 0.146133567663
730 5949 0.122709699109
594 5173 0.114826986275
803 8007 0.100287248657
1319 9782 0.134839501125
760 5958 0.127559583753
655 6225 0.105220883534
1049 9290 0.112917115178
1246 9248 0.13473183391
727 5562 0.130708378281
727 5874 0.123765747361
585 4978 0.117517075131
711 6446 0.110300961837
977 7361 0.132726531721
612 5039 0.12145266918
836 5746 0.145492516533
